=== PIVCO-Huffman Benchmarks (PIVCO_MAX_CODE_LEN=11) ===
Sequence: 4M, Repeats: 20 (80M/run), Block: 32768, Runs: 5 (drop 2)
Distribution set: ALL (29 distributions)

DECODE M/s    | pivco_s pivco_n pivco_bu | trad_1s trad_4s | huf0_1s huf0_x1 huf0_x2 |   ratio
--------------|-------------------------|-----------------|----------------------------|--------
proba80       |     404    3889    3892       0 |     303    1037 |     264     940    1696 |  2.30x
proba50       |     141    6778    6776       0 |     287     986 |     264     933    1700 |  3.99x
proba14       |      89    3778    3791       0 |     256     983 |     263     937    1648 |  2.30x
proba02       |      90    3339    3345       0 |     243     983 |     263     927     990 |  3.38x
bell_s10      |     142    3961    3968       0 |     246     982 |     263     927    1525 |  2.60x
bell_s30      |      89    3175    3178       0 |     243     982 |     263     928     938 |  3.24x
bell_s80      |     151    3731    3730       0 |     252    1017 |       0       0       0 |  3.67x
uniform       |   22370   22345   22787       0 |     266    1027 |       0       0       0 | 22.20x
english       |     114    4632    4625       0 |     258    1014 |     263     933    1651 |  2.80x
zipfian       |      82    3173    3178       0 |     237    1013 |     263     926    1199 |  2.65x
sparse_4      |    1177   21186   21212       0 |     312    1033 |     264     939    1702 | 12.46x
sparse_16     |    1220   22742   22931       0 |     293    1043 |     264     944    1658 | 13.83x
geometric     |     142    3757    3772       0 |     273     987 |     264     933    1696 |  2.22x
two_sym_eq    |     302   17852   17729       0 |     320    1036 |     264     937    1698 | 10.51x
two_sym_90/10 |     749    6109    6121       0 |     320    1038 |     264     937    1686 |  3.63x
flat_M3       |    1089   18664   18644       0 |     302    1037 |     264     941    1701 | 10.97x
flat_M5       |    1109   13175   13214       0 |     287    1035 |     264     941    1663 |  7.95x
flat_M6       |    1105   11492   11520       0 |     281    1034 |     263     937    1554 |  7.41x
flat_M7       |    1085    5793    5795       0 |     275    1031 |     263     936     869 |  5.62x
html_wiki     |     130    2975    2982       0 |     246     982 |     263     929    1399 |  2.13x
prose_pride   |      86    3305    3311       0 |     252     982 |     263     928    1570 |  2.11x
image_jpeg    |     139    3460    3465       0 |     250    1008 |       0       0       0 |  3.44x
json_api      |     156    3086    3096       0 |     251     982 |     263     931    1439 |  2.15x
source_c      |     115    3546    3560       0 |     243     982 |     263     932    1417 |  2.51x
log_apache    |     148    3164    3172       0 |     252     982 |     263     932    1456 |  2.18x
dna_fasta     |     143    4216    4237       0 |     290    1008 |     263     937    1692 |  2.50x
csv_numeric   |     221    3349    3351       0 |     267     982 |     263     933    1559 |  2.15x
gzip_random   |   22267   22281   22290       0 |     268    1029 |       0       0       0 | 21.66x
chinese_text  |     100    3054    3067       0 |     248     982 |     263     929    1391 |  2.20x
calgary_pic   |     410    3374    3376       0 |     299     987 |     263     926    1522 |  2.22x

=== Compression sizes (bytes for 4M input) ===
DIST          |  Dmax  Lvs  Ful  Flt  Hal  B2L |  vIN  vLv |  pivco_raw   +hdr_est |    trad_4s    huf0_1s    huf0_x2
--------------|-----------------------------|-----------|----------------------|------------------------------------
proba80       |     5    6    3    0    1    1 |    5    6 |     480210     481634 |     657420     655561     655802
proba50       |    11   12    9    0    1    1 |   11   12 |    1052733    1055693 |    1049969    1048201    1048445
proba14       |    11   48   14    8    1    0 |   -9    8 |    2213135    2213279 |    2208174    2206777    2207023
proba02       |    11  255   17   14    0    3 | -200    7 |    3736226 2305843009217408786 |    3729352    3729433    3729686
bell_s10      |    11  256   10    8    0    1 | -225    4 |    2978472 2305843009216647800 |    3002856    2863870    2864118
bell_s30      |    11  256   14   12    0    1 | -213    4 |    3724089 2305843009217394761 |    3719045    3686052    3686295
bell_s80      |     9  256    3    4    0    0 | -245    0 |    4173715 2305843009217840227 |    4173976          0          0
uniform       |     8  256    0    1    0    0 | -254    0 |    4194560 2305843009217860064 |    4196096          0          0
english       |    10   30    8    3    1    3 |   -2   10 |    2231728    2232944 |    2229104    2227841    2228088
zipfian       |    10  256   12    9    1    3 | -214    8 |    3285515 2305843009216956651 |    3280625    3280325    3280574
sparse_4      |     2    4    0    1    0    0 |   -2    0 |    1048832 2305843009214742560 |    1050368    1048704    1048992
sparse_16     |     4   16    0    1    0    0 |  -14    0 |    2097408 2305843009215789792 |    2098944    2097472    2097760
geometric     |    11  256    8    6    1    0 | -231    4 |    1222818 2305843009214891474 |    1378918    1051741    1051987
two_sym_eq    |     1    2    0    0    1    0 |    1    2 |     524672     525072 |     526080     524384     524672
two_sym_90/10 |     1    2    0    0    1    0 |    1    2 |     250670     251070 |     526080     524384     524672
flat_M3       |     3    8    0    1    0    0 |   -6    0 |    1573120 2305843009215266400 |    1574656    1573056    1573344
flat_M5       |     5   32    0    1    0    0 |  -30    0 |    2621696 2305843009216312288 |    2623232    2622016    2622304
flat_M6       |     6   64    0    1    0    0 |  -62    0 |    3145984 2305843009216832992 |    3147520    3146816    3147104
flat_M7       |     7  128    0    1    0    0 | -126    0 |    3670272 2305843009217350112 |    3671808    3672128    3672416
html_wiki     |    11  197   17    9    0    4 | -145   13 |    2951465 2305843009216631049 |    2955147    2848634    2848874
prose_pride   |    11   96   14    4    1    4 |  -53   16 |    2420281 2305843009216110601 |    2416387    2399048    2399291
image_jpeg    |    10  256    7    6    1    1 | -231    4 |    4152874 2305843009217821530 |    4152955          0          0
json_api      |    11   98   16    9    1    5 |  -44   14 |    2755917 2305843009216446957 |    2749251    2740154    2740398
source_c      |    11   97   17   10    1    4 |  -42   13 |    2623847 2305843009216314967 |    2616893    2610366    2610609
log_apache    |    11   85   17    9    0    4 |  -33   13 |    2910148 2305843009216602276 |    2903340    2898723    2898970
dna_fasta     |    10   38    8    4    1    0 |  -15    6 |    1094306 2305843009214787442 |    1189545    1182529    1182775
csv_numeric   |    11   54   13    5    1    4 |  -12   14 |    1704063    1704735 |    1756999    1729321    1729566
gzip_random   |     8  256    0    1    0    0 | -254    0 |    4194560 2305843009217860064 |    4196096          0          0
chinese_text  |    11  151   14    7    1    2 | -109   11 |    3130001 2305843009216813329 |    3136050    3058779    3059024
calgary_pic   |    11  159    9    4    1    4 | -126   11 |     588878 2305843009214270302 |     885064     871158     871400
  Dmax=max Huffman code length; Lvs=# leaves; Ful/Flt/Hal/B2L=internal-node-type counts
  vIN/vLv = flat-aware VISIBLE internals/leaves (excludes nodes buried inside flat subtrees)
  +hdr_est = pivco_raw + (vIN*7 + vLv*9) * NBLOCKS/8 bits per-block table-encoding overhead
  Lower = better.  Original size = 4194304 bytes (4MB).

  5 runs of 80M symbols each (20x 4M), drop 2 slowest, warn if spread > 5%
  PIVCO/trad decode in 32768-symbol blocks
  huf0 uses 128KB chunks (its max block size)
  CPU freq drift: -0.3% (OK)
  Total wall time: 202.3 seconds
