=== PIVCO-Huffman Benchmarks (PIVCO_MAX_CODE_LEN=11) ===
Sequence: 4M, Repeats: 20 (80M/run), Block: 32768, Runs: 5 (drop 2)
Distribution set: ALL (29 distributions)

DECODE M/s    | pivco_s pivco_n pivco_bu | trad_1s trad_4s | huf0_1s huf0_x1 huf0_x2 |   ratio
--------------|-------------------------|-----------------|----------------------------|--------
proba80       |     394    3870    3866       0 |     303    1037 |     264     940    1696 |  2.28x
proba50       |     141    6879    6898       0 |     287     982 |     264     933    1700 |  4.06x
proba14       |      89    3900    3907       0 |     256     983 |     263     936    1647 |  2.37x
proba02       |      90    3485    3488       0 |     243     982 |     263     926     989 |  3.53x
bell_s10      |     142    4006    4011       0 |     246     987 |     263     926    1523 |  2.63x
bell_s30      |      89    3290    3288       0 |     243     982 |     263     927     938 |  3.35x
bell_s80      |     151    3795    3784       0 |     252    1021 |       0       0       0 |  3.72x
uniform       |   22408   22374   22457       0 |     268    1025 |       0       0       0 | 21.90x
english       |     114    4728    4725       0 |     258    1008 |     263     933    1651 |  2.86x
zipfian       |      82    3254    3256       0 |     238    1009 |     263     926    1199 |  2.71x
sparse_4      |    1225   21763   21804       0 |     312    1032 |     264     939    1702 | 12.81x
sparse_16     |    1222   21559   21658       0 |     295    1036 |     264     943    1659 | 13.06x
geometric     |     142    3820    3827       0 |     273     982 |     264     933    1698 |  2.25x
two_sym_eq    |     302   19392   19408       0 |     320    1038 |     264     937    1697 | 11.43x
two_sym_90/10 |     750    6200    6201       0 |     320    1038 |     264     937    1685 |  3.68x
flat_M3       |    1184   19125   19155       0 |     303    1037 |     264     942    1702 | 11.25x
flat_M5       |    1110   13367   13407       0 |     287    1036 |     264     941    1663 |  8.06x
flat_M6       |    1106   11664   11627       0 |     280    1034 |     263     937    1554 |  7.50x
flat_M7       |    1085    5763    5708       0 |     275    1032 |     263     936     869 |  5.59x
html_wiki     |     130    3085    3084       0 |     246     983 |     263     929    1398 |  2.21x
prose_pride   |      86    3408    3406       0 |     252     988 |     263     928    1571 |  2.17x
image_jpeg    |     138    3511    3517       0 |     250    1008 |       0       0       0 |  3.49x
json_api      |     155    3179    3188       0 |     251     983 |     263     930    1442 |  2.21x
source_c      |     115    3716    3718       0 |     243     983 |     263     931    1414 |  2.63x
log_apache    |     147    3311    3315       0 |     252     983 |     263     932    1457 |  2.28x
dna_fasta     |     142    4245    4253       0 |     290    1008 |     263     936    1692 |  2.51x
csv_numeric   |     221    3402    3404       0 |     267     983 |     263     932    1558 |  2.18x
gzip_random   |   22425   22446   22968       0 |     264    1037 |       0       0       0 | 22.16x
chinese_text  |     100    3151    3163       0 |     248     983 |     263     928    1390 |  2.28x
calgary_pic   |     406    3435    3435       0 |     299     983 |     263     926    1523 |  2.26x

=== Compression sizes (bytes for 4M input) ===
DIST          |  Dmax  Lvs  Ful  Flt  Hal  B2L |  vIN  vLv |  pivco_raw   +hdr_est |    trad_4s    huf0_1s    huf0_x2
--------------|-----------------------------|-----------|----------------------|------------------------------------
proba80       |     5    6    3    0    1    1 |    5    6 |     480210     481634 |     657420     655561     655802
proba50       |    11   12    9    0    1    1 |   11   12 |    1052733    1055693 |    1049969    1048201    1048445
proba14       |    11   48   14    8    1    0 |   -9    8 |    2213135    2213279 |    2208174    2206777    2207023
proba02       |    11  255   17   14    0    3 | -200    7 |    3736226 2305843009217408786 |    3729352    3729433    3729686
bell_s10      |    11  256   10    8    0    1 | -225    4 |    2978472 2305843009216647800 |    3002856    2863870    2864118
bell_s30      |    11  256   14   12    0    1 | -213    4 |    3724089 2305843009217394761 |    3719045    3686052    3686295
bell_s80      |     9  256    3    4    0    0 | -245    0 |    4173715 2305843009217840227 |    4173976          0          0
uniform       |     8  256    0    1    0    0 | -254    0 |    4194560 2305843009217860064 |    4196096          0          0
english       |    10   30    8    3    1    3 |   -2   10 |    2231728    2232944 |    2229104    2227841    2228088
zipfian       |    10  256   12    9    1    3 | -214    8 |    3285515 2305843009216956651 |    3280625    3280325    3280574
sparse_4      |     2    4    0    1    0    0 |   -2    0 |    1048832 2305843009214742560 |    1050368    1048704    1048992
sparse_16     |     4   16    0    1    0    0 |  -14    0 |    2097408 2305843009215789792 |    2098944    2097472    2097760
geometric     |    11  256    8    6    1    0 | -231    4 |    1222818 2305843009214891474 |    1378918    1051741    1051987
two_sym_eq    |     1    2    0    0    1    0 |    1    2 |     524672     525072 |     526080     524384     524672
two_sym_90/10 |     1    2    0    0    1    0 |    1    2 |     250670     251070 |     526080     524384     524672
flat_M3       |     3    8    0    1    0    0 |   -6    0 |    1573120 2305843009215266400 |    1574656    1573056    1573344
flat_M5       |     5   32    0    1    0    0 |  -30    0 |    2621696 2305843009216312288 |    2623232    2622016    2622304
flat_M6       |     6   64    0    1    0    0 |  -62    0 |    3145984 2305843009216832992 |    3147520    3146816    3147104
flat_M7       |     7  128    0    1    0    0 | -126    0 |    3670272 2305843009217350112 |    3671808    3672128    3672416
html_wiki     |    11  197   17    9    0    4 | -145   13 |    2951465 2305843009216631049 |    2955147    2848634    2848874
prose_pride   |    11   96   14    4    1    4 |  -53   16 |    2420281 2305843009216110601 |    2416387    2399048    2399291
image_jpeg    |    10  256    7    6    1    1 | -231    4 |    4152874 2305843009217821530 |    4152955          0          0
json_api      |    11   98   16    9    1    5 |  -44   14 |    2755917 2305843009216446957 |    2749251    2740154    2740398
source_c      |    11   97   17   10    1    4 |  -42   13 |    2623847 2305843009216314967 |    2616893    2610366    2610609
log_apache    |    11   85   17    9    0    4 |  -33   13 |    2910148 2305843009216602276 |    2903340    2898723    2898970
dna_fasta     |    10   38    8    4    1    0 |  -15    6 |    1094306 2305843009214787442 |    1189545    1182529    1182775
csv_numeric   |    11   54   13    5    1    4 |  -12   14 |    1704063    1704735 |    1756999    1729321    1729566
gzip_random   |     8  256    0    1    0    0 | -254    0 |    4194560 2305843009217860064 |    4196096          0          0
chinese_text  |    11  151   14    7    1    2 | -109   11 |    3130001 2305843009216813329 |    3136050    3058779    3059024
calgary_pic   |    11  159    9    4    1    4 | -126   11 |     588878 2305843009214270302 |     885064     871158     871400
  Dmax=max Huffman code length; Lvs=# leaves; Ful/Flt/Hal/B2L=internal-node-type counts
  vIN/vLv = flat-aware VISIBLE internals/leaves (excludes nodes buried inside flat subtrees)
  +hdr_est = pivco_raw + (vIN*7 + vLv*9) * NBLOCKS/8 bits per-block table-encoding overhead
  Lower = better.  Original size = 4194304 bytes (4MB).

  5 runs of 80M symbols each (20x 4M), drop 2 slowest, warn if spread > 5%
  PIVCO/trad decode in 32768-symbol blocks
  huf0 uses 128KB chunks (its max block size)
  CPU freq drift: -0.2% (OK)
  Total wall time: 202.2 seconds
