  WARNING: proba02/trad_4s spread 11.0% (925..1039)
  WARNING: sparse_16/trad_4s spread 12.3% (950..1084)
  WARNING: sparse_16/huf0_1s spread 19.3% (212..263)
  WARNING: sparse_16/huf0_x2 spread 19.7% (1526..1901)
  WARNING: geometric/trad_1s spread 7.0% (313..337)
  WARNING: two_sym_90/10/pivco_bu spread 15.1% (6527..7691)
  WARNING: two_sym_90/10/pivco_s spread 6.5% (1177..1259)
  WARNING: image_jpeg/trad_4s spread 9.2% (966..1065)
  WARNING: gzip_random/trad_4s spread 5.2% (975..1029)
=== PIVCO-Huffman Benchmarks (PIVCO_MAX_CODE_LEN=11) ===
Sequence: 4M, Repeats: 20 (80M/run), Block: 16384, Runs: 5 (drop 2)
Distribution set: ALL (29 distributions)

DECODE M/s    | pivco_s pivco_n pivco_bu | trad_1s trad_4s | huf0_1s huf0_x1 huf0_x2 |   ratio
--------------|-------------------------|-----------------|----------------------------|--------
proba80       |     503    4500    4549       0 |     384    1090 |     269    1033    1993 |  2.28x
proba50       |     156    9437    9786       0 |     353    1017 |     268    1039    2001 |  4.89x
proba14       |     232    5060    5043       0 |     307    1039 |     267    1048    1888 |  2.68x
proba02       |     265    4427    4443       0 |     285     948 |     265    1018    1112 |  4.00x
bell_s10      |     364    4977    5073       0 |     290    1035 |     266    1035    1739 |  2.92x
bell_s30      |     259    4460    4560       0 |     292    1039 |     269    1030    1074 |  4.25x
bell_s80      |     392    6435    6404       0 |     310    1067 |       0       0       0 |  6.03x
uniform       |    1210   10274   10284       0 |     338    1094 |       0       0       0 |  9.40x
english       |     345    6505    6681       0 |     310    1068 |     270    1045    1941 |  3.44x
zipfian       |     223    4683    4474       0 |     282    1068 |     271    1036    1383 |  3.39x
sparse_4      |    1196   34197   33948       0 |     404    1096 |     271    1044    2020 | 16.93x
sparse_16     |    1211   34450   34521       0 |     379    1052 |     235     961    1627 | 21.22x
geometric     |     166    4872    4891       0 |     314    1041 |     269    1039    2000 |  2.45x
two_sym_eq    |    1490   33880   33730       0 |     416    1043 |     270    1035    1907 | 17.77x
two_sym_90/10 |    1222    7715    7568       0 |     415    1087 |     271    1035    1974 |  3.91x
flat_M3       |    1157   24168   24175       0 |     389    1089 |     270    1060    2031 | 11.90x
flat_M5       |    1114   24078   23988       0 |     369    1105 |     272    1055    1951 | 12.34x
flat_M6       |    1121   20136   20267       0 |     356    1095 |     272    1045    1769 | 11.46x
flat_M7       |    1091   12577   12945       0 |     347    1084 |     271    1042    1016 | 11.94x
html_wiki     |     246    3972    4022       0 |     294    1050 |     270    1046    1588 |  2.53x
prose_pride   |     239    4683    4669       0 |     303    1050 |     271    1037    1800 |  2.60x
image_jpeg    |     351    5282    5270       0 |     304    1061 |       0       0       0 |  4.98x
json_api      |     243    4290    4221       0 |     297    1048 |     269    1044    1644 |  2.61x
source_c      |     254    4750    4762       0 |     289    1045 |     270    1048    1621 |  2.94x
log_apache    |     247    4318    4350       0 |     303    1044 |     270    1045    1653 |  2.63x
dna_fasta     |     327    5654    5717       0 |     369    1065 |     270    1044    2007 |  2.85x
csv_numeric   |     339    3695    3554       0 |     328    1054 |     270    1041    1793 |  2.06x
gzip_random   |    1210   10338   10356       0 |     336     996 |       0       0       0 | 10.39x
chinese_text  |     242    4116    4161       0 |     300    1043 |     271    1036    1548 |  2.69x
calgary_pic   |     933    3622    3579       0 |     377    1046 |     268    1032    1740 |  2.08x

=== Compression sizes (bytes for 4M input) ===
DIST          |  Dmax  Lvs  Ful  Flt  Hal  B2L |  vIN  vLv |  pivco_raw   +hdr_est |    trad_4s    huf0_1s    huf0_x2
--------------|-----------------------------|-----------|----------------------|------------------------------------
proba80       |     5    6    3    0    1    1 |    5    6 |     484432     487280 |     659453     655561     655802
proba50       |    11   12    9    0    1    1 |   11   12 |    1056647    1062567 |    1052014    1048201    1048445
proba14       |    11   48   14    8    1    0 |   -9    8 |    2219326    2219614 |    2210207    2206777    2207023
proba02       |    11  255   17   14    0    3 | -200    7 |    3743855 2305843009217395023 |    3731348    3729433    3729686
bell_s10      |    11  256   10    8    0    1 | -225    4 |    2983434 2305843009216628138 |    3004872    2863870    2864118
bell_s30      |    11  256   14   12    0    1 | -213    4 |    3730416 2305843009217377808 |    3721066    3686052    3686295
bell_s80      |     9  256    3    4    0    0 | -245    0 |    4175454 2305843009217814526 |    4175993          0          0
uniform       |     8  256    0    1    0    0 | -254    0 |    4194816 2305843009217831872 |    4197888          0          0
english       |    10   30    8    3    1    3 |   -2   10 |    2236086    2238518 |    2231128    2227841    2228088
zipfian       |    10  256   12    9    1    3 | -214    8 |    3291656 2305843009216939976 |    3282650    3280325    3280574
sparse_4      |     2    4    0    1    0    0 |   -2    0 |    1049088 2305843009214742592 |    1052160    1048704    1048992
sparse_16     |     4   16    0    1    0    0 |  -14    0 |    2097664 2305843009215788480 |    2100736    2097472    2097760
geometric     |    11  256    8    6    1    0 | -231    4 |    1229931 2305843009214873291 |    1380933    1051741    1051987
two_sym_eq    |     1    2    0    0    1    0 |    1    2 |     525056     525856 |     527872     524384     524672
two_sym_90/10 |     1    2    0    0    1    0 |    1    2 |     252357     253157 |     527872     524384     524672
flat_M3       |     3    8    0    1    0    0 |   -6    0 |    1573376 2305843009215265984 |    1576448    1573056    1573344
flat_M5       |     5   32    0    1    0    0 |  -30    0 |    2621952 2305843009216309184 |    2625024    2622016    2622304
flat_M6       |     6   64    0    1    0    0 |  -62    0 |    3146240 2305843009216826304 |    3149312    3146816    3147104
flat_M7       |     7  128    0    1    0    0 | -126    0 |    3670528 2305843009217336256 |    3673600    3672128    3672416
html_wiki     |    11  197   17    9    0    4 | -145   13 |    2960199 2305843009216625415 |    2957170    2848634    2848874
prose_pride   |    11   96   14    4    1    4 |  -53   16 |    2426257 2305843009216112945 |    2418403    2399048    2399291
image_jpeg    |    10  256    7    6    1    1 | -231    4 |    4150881 2305843009217794241 |    4154985          0          0
json_api      |    11   98   16    9    1    5 |  -44   14 |    2763929 2305843009216452057 |    2751266    2740154    2740398
source_c      |    11   97   17   10    1    4 |  -42   13 |    2631210 2305843009216319498 |    2618879    2610366    2610609
log_apache    |    11   85   17    9    0    4 |  -33   13 |    2917804 2305843009216608108 |    2905349    2898723    2898970
dna_fasta     |    10   38    8    4    1    0 |  -15    6 |    1103119 2305843009214795439 |    1191563    1182529    1182775
csv_numeric   |    11   54   13    5    1    4 |  -12   14 |    1680258    1681602 |    1759009    1729321    1729566
gzip_random   |     8  256    0    1    0    0 | -254    0 |    4194816 2305843009217831872 |    4197888          0          0
chinese_text  |    11  151   14    7    1    2 | -109   11 |    3136924 2305843009216809628 |    3138048    3058779    3059024
calgary_pic   |    11  159    9    4    1    4 | -126   11 |     590198 2305843009214259094 |     887046     871158     871400
  Dmax=max Huffman code length; Lvs=# leaves; Ful/Flt/Hal/B2L=internal-node-type counts
  vIN/vLv = flat-aware VISIBLE internals/leaves (excludes nodes buried inside flat subtrees)
  +hdr_est = pivco_raw + (vIN*7 + vLv*9) * NBLOCKS/8 bits per-block table-encoding overhead
  Lower = better.  Original size = 4194304 bytes (4MB).

  5 runs of 80M symbols each (20x 4M), drop 2 slowest, warn if spread > 5%
  PIVCO/trad decode in 16384-symbol blocks
  huf0 uses 128KB chunks (its max block size)
  CPU freq drift: +4.8% (OK)
  Total wall time: 154.4 seconds
