  WARNING: json_api/trad_1s spread 15.9% (297..354)
=== PIVCO-Huffman Benchmarks (PIVCO_MAX_CODE_LEN=11) ===
Sequence: 4M, Repeats: 10 (40M/run), Block: 32768, Runs: 5 (drop 2)
Distribution set: ALL (29 distributions)

DECODE M/s    | pivco_s pivco_n pivco_bu | trad_1s trad_4s | huf0_1s huf0_x1 huf0_x2 |   ratio
--------------|-------------------------|-----------------|----------------------------|--------
proba80       |     308    3893    3924       0 |     382     462 |     307    1105    1808 |  2.17x
proba50       |     102   12383   12419       0 |     351     447 |     307    1103    1794 |  6.92x
proba14       |     156    7292    7308       0 |     305     447 |     307    1102    1712 |  4.27x
proba02       |     230    6062    6066       0 |     290     447 |     306    1087    1013 |  5.58x
bell_s10      |     319    5929    5920       0 |     289     448 |     306    1090    1557 |  3.81x
bell_s30      |     221    6301    6314       0 |     290     447 |     306    1087     963 |  5.81x
bell_s80      |     348    8872    8872       0 |     316     459 |       0       0       0 | 19.32x
uniform       |    1255   11950   11949       0 |     353     459 |       0       0       0 | 26.04x
english       |     215    8747    8734       0 |     309     454 |     306    1096    1723 |  5.08x
zipfian       |     166    6493    6494       0 |     272     453 |     306    1087    1229 |  5.29x
sparse_4      |    1260   18424   18465       0 |     416     462 |     307    1105    1804 | 10.24x
sparse_16     |    1258   15770   15786       0 |     390     462 |     306    1092    1786 |  8.84x
geometric     |     108    4948    4953       0 |     324     449 |     307    1101    1777 |  2.79x
two_sym_eq    |     219   21388   21485       0 |     428     462 |     307    1093    1805 | 11.90x
two_sym_90/10 |     614    5699    5697       0 |     428     461 |     307    1092    1785 |  3.19x
flat_M3       |    1182   17606   17625       0 |     403     462 |     307    1094    1804 |  9.77x
flat_M5       |    1111   14978   14972       0 |     381     462 |     307    1103    1735 |  8.63x
flat_M6       |    1110   13799   13807       0 |     374     461 |     307    1101    1605 |  8.60x
flat_M7       |    1048   12576   12585       0 |     362     461 |     307    1098     906 | 11.46x
html_wiki     |     189    4931    4906       0 |     288     447 |     306    1090    1424 |  3.46x
prose_pride   |     152    6538    6581       0 |     298     447 |     306    1089    1605 |  4.10x
image_jpeg    |     312    7732    7747       0 |     311     454 |       0       0       0 | 17.08x
json_api      |     197    6149    6138       0 |     311     530 |     364    1302    1748 |  3.52x
source_c      |     220    7721    7711       0 |     327     533 |     364    1301    1720 |  4.49x
log_apache    |     236    7294    7272       0 |     359     533 |     364    1304    1766 |  4.13x
dna_fasta     |     196    6394    6385       0 |     428     541 |     365    1300    2124 |  3.01x
csv_numeric   |     279    4869    4856       0 |     378     533 |     364    1303    1913 |  2.55x
gzip_random   |    1493   14710   14717       0 |     420     546 |       0       0       0 | 26.95x
chinese_text  |     211    6244    6243       0 |     349     533 |     364    1293    1678 |  3.72x
calgary_pic   |     606    4178    4173       0 |     447     533 |     364    1290    1843 |  2.27x

=== Compression sizes (bytes for 4M input) ===
DIST          |  Dmax  Lvs  Ful  Flt  Hal  B2L |  vIN  vLv |  pivco_raw   +hdr_est |    trad_4s    huf0_1s    huf0_x2
--------------|-----------------------------|-----------|----------------------|------------------------------------
proba80       |     5    6    3    0    1    1 |    5    6 |     480082     481506 |     657420     655561     655802
proba50       |    11   12    9    0    1    1 |   11   12 |    1052474    1055434 |    1049969    1048201    1048445
proba14       |    11   48   14    8    1    0 |   -9    8 |    2213069    2213213 |    2208174    2206777    2207023
proba02       |    11  255   17   14    0    3 | -200    7 |    3735915 2305843009217408475 |    3729352    3729433    3729686
bell_s10      |    11  256   10    8    0    1 | -225    4 |    2978344 2305843009216647672 |    3002856    2863870    2864118
bell_s30      |    11  256   14   12    0    1 | -213    4 |    3723707 2305843009217394379 |    3719045    3686052    3686295
bell_s80      |     9  256    3    4    0    0 | -245    0 |    4173715 2305843009217840227 |    4173976          0          0
uniform       |     8  256    0    1    0    0 | -254    0 |    4194560 2305843009217860064 |    4196096          0          0
english       |    10   30    8    3    1    3 |   -2   10 |    2231794    2233010 |    2229104    2227841    2228088
zipfian       |    10  256   12    9    1    3 | -214    8 |    3285259 2305843009216956395 |    3280625    3280325    3280574
sparse_4      |     2    4    0    1    0    0 |   -2    0 |    1048832 2305843009214742560 |    1050368    1048704    1048992
sparse_16     |     4   16    0    1    0    0 |  -14    0 |    2097408 2305843009215789792 |    2098944    2097472    2097760
geometric     |    11  256    8    6    1    0 | -231    4 |    1222761 2305843009214891417 |    1378918    1051741    1051987
two_sym_eq    |     1    2    0    0    1    0 |    1    2 |     524672     525072 |     526080     524384     524672
two_sym_90/10 |     1    2    0    0    1    0 |    1    2 |     250670     251070 |     526080     524384     524672
flat_M3       |     3    8    0    1    0    0 |   -6    0 |    1573120 2305843009215266400 |    1574656    1573056    1573344
flat_M5       |     5   32    0    1    0    0 |  -30    0 |    2621696 2305843009216312288 |    2623232    2622016    2622304
flat_M6       |     6   64    0    1    0    0 |  -62    0 |    3145984 2305843009216832992 |    3147520    3146816    3147104
flat_M7       |     7  128    0    1    0    0 | -126    0 |    3670272 2305843009217350112 |    3671808    3672128    3672416
html_wiki     |    11  197   17    9    0    4 | -145   13 |    2951171 2305843009216630755 |    2955147    2848634    2848874
prose_pride   |    11   96   14    4    1    4 |  -53   16 |    2420147 2305843009216110467 |    2416387    2399048    2399291
image_jpeg    |    10  256    7    6    1    1 | -231    4 |    4152869 2305843009217821525 |    4152955          0          0
json_api      |    11   98   16    9    1    5 |  -44   14 |    2755648 2305843009216446688 |    2749251    2740154    2740398
source_c      |    11   97   17   10    1    4 |  -42   13 |    2623447 2305843009216314567 |    2616893    2610366    2610609
log_apache    |    11   85   17    9    0    4 |  -33   13 |    2909944 2305843009216602072 |    2903340    2898723    2898970
dna_fasta     |    10   38    8    4    1    0 |  -15    6 |    1094167 2305843009214787303 |    1189545    1182529    1182775
csv_numeric   |    11   54   13    5    1    4 |  -12   14 |    1703727    1704399 |    1756999    1729321    1729566
gzip_random   |     8  256    0    1    0    0 | -254    0 |    4194560 2305843009217860064 |    4196096          0          0
chinese_text  |    11  151   14    7    1    2 | -109   11 |    3130055 2305843009216813383 |    3136050    3058779    3059024
calgary_pic   |    11  159    9    4    1    4 | -126   11 |     588576 2305843009214270000 |     885064     871158     871400
  Dmax=max Huffman code length; Lvs=# leaves; Ful/Flt/Hal/B2L=internal-node-type counts
  vIN/vLv = flat-aware VISIBLE internals/leaves (excludes nodes buried inside flat subtrees)
  +hdr_est = pivco_raw + (vIN*7 + vLv*9) * NBLOCKS/8 bits per-block table-encoding overhead
  Lower = better.  Original size = 4194304 bytes (4MB).

  5 runs of 40M symbols each (10x 4M), drop 2 slowest, warn if spread > 5%
  PIVCO/trad decode in 32768-symbol blocks
  huf0 uses 128KB chunks (its max block size)
  CPU freq drift: +19.0% (OK)
  Total wall time: 88.4 seconds
