  WARNING: flat_M7/pivco_n spread 13.3% (11060..12752)
  WARNING: gzip_random/trad_1s spread 6.2% (314..335)
=== PIVCO-Huffman Benchmarks (PIVCO_MAX_CODE_LEN=11) ===
Sequence: 4M, Repeats: 50 (200M/run), Block: 16384, Runs: 5 (drop 2)
Distribution set: ALL (29 distributions)

DECODE M/s    | pivco_s pivco_n pivco_bu | trad_1s trad_4s | huf0_1s huf0_x1 huf0_x2 |   ratio
--------------|-------------------------|-----------------|----------------------------|--------
proba80       |     510    4650    4671       0 |     390    1092 |     272    1049    2014 |  2.32x
proba50       |     161    9761    9849       0 |     361    1049 |     271    1053    2018 |  4.88x
proba14       |     236    5130    5160       0 |     310    1057 |     272    1053    1938 |  2.66x
proba02       |     271    4450    4226       0 |     295    1047 |     271    1045    1141 |  3.90x
bell_s10      |     371    5163    5133       0 |     295    1048 |     271    1045    1752 |  2.95x
bell_s30      |     258    4501    4525       0 |     295    1046 |     272    1046    1082 |  4.18x
bell_s80      |     399    6391    6432       0 |     315    1086 |       0       0       0 |  5.92x
uniform       |    1197   10424   10498       0 |     340    1091 |       0       0       0 |  9.62x
english       |     348    6495    6514       0 |     314    1074 |     272    1049    1954 |  3.33x
zipfian       |     227    4532    4481       0 |     282    1069 |     271    1041    1383 |  3.28x
sparse_4      |    1194   34425   34476       0 |     406    1092 |     272    1049    2022 | 17.05x
sparse_16     |    1194   34083   33869       0 |     381    1094 |     272    1054    2020 | 16.87x
geometric     |     167    4900    4887       0 |     342    1048 |     271    1053    2026 |  2.42x
two_sym_eq    |    1506   34039   34784       0 |     421    1091 |     273    1041    2018 | 17.23x
two_sym_90/10 |    1286    7796    7817       0 |     421    1099 |     275    1049    2003 |  3.90x
flat_M3       |    1142   24565   24239       0 |     395    1096 |     272    1053    2035 | 12.07x
flat_M5       |    1107   24111   24080       0 |     372    1097 |     272    1053    1965 | 12.27x
flat_M6       |    1114   20229   20329       0 |     359    1094 |     272    1050    1784 | 11.40x
flat_M7       |    1088   11881   12928       0 |     346    1093 |     270    1046    1025 | 11.82x
html_wiki     |     247    3977    3968       0 |     297    1049 |     273    1050    1603 |  2.48x
prose_pride   |     241    4654    4665       0 |     306    1051 |     273    1051    1824 |  2.56x
image_jpeg    |     358    5283    5304       0 |     313    1078 |       0       0       0 |  4.92x
json_api      |     251    4302    4323       0 |     300    1050 |     268    1034    1643 |  2.63x
source_c      |     254    4562    4587       0 |     290    1051 |     273    1057    1643 |  2.79x
log_apache    |     250    4340    4335       0 |     307    1052 |     272    1055    1677 |  2.59x
dna_fasta     |     329    5648    5640       0 |     373    1077 |     272    1051    2016 |  2.80x
csv_numeric   |     343    3605    3588       0 |     331    1050 |     272    1051    1799 |  2.00x
gzip_random   |    1200   10294   10378       0 |     334    1092 |       0       0       0 |  9.50x
chinese_text  |     243    4195    4191       0 |     301    1051 |     273    1049    1596 |  2.63x
calgary_pic   |     955    3666    3684       0 |     384    1052 |     272    1031    1757 |  2.10x

=== Compression sizes (bytes for 4M input) ===
DIST          |  Dmax  Lvs  Ful  Flt  Hal  B2L |  vIN  vLv |  pivco_raw   +hdr_est |    trad_4s    huf0_1s    huf0_x2
--------------|-----------------------------|-----------|----------------------|------------------------------------
proba80       |     5    6    3    0    1    1 |    5    6 |     484753     487601 |     659453     655561     655802
proba50       |    11   12    9    0    1    1 |   11   12 |    1057537    1063457 |    1052014    1048201    1048445
proba14       |    11   48   14    8    1    0 |   -9    8 |    2220081    2220369 |    2210207    2206777    2207023
proba02       |    11  255   17   14    0    3 | -200    7 |    3745119 2305843009217396287 |    3731348    3729433    3729686
bell_s10      |    11  256   10    8    0    1 | -225    4 |    2984714 2305843009216629418 |    3004872    2863870    2864118
bell_s30      |    11  256   14   12    0    1 | -213    4 |    3731184 2305843009217378576 |    3721066    3686052    3686295
bell_s80      |     9  256    3    4    0    0 | -245    0 |    4175454 2305843009217814526 |    4175993          0          0
uniform       |     8  256    0    1    0    0 | -254    0 |    4194816 2305843009217831872 |    4197888          0          0
english       |    10   30    8    3    1    3 |   -2   10 |    2236347    2238779 |    2231128    2227841    2228088
zipfian       |    10  256   12    9    1    3 | -214    8 |    3292424 2305843009216940744 |    3282650    3280325    3280574
sparse_4      |     2    4    0    1    0    0 |   -2    0 |    1049088 2305843009214742592 |    1052160    1048704    1048992
sparse_16     |     4   16    0    1    0    0 |  -14    0 |    2097664 2305843009215788480 |    2100736    2097472    2097760
geometric     |    11  256    8    6    1    0 | -231    4 |    1230187 2305843009214873547 |    1380933    1051741    1051987
two_sym_eq    |     1    2    0    0    1    0 |    1    2 |     525056     525856 |     527872     524384     524672
two_sym_90/10 |     1    2    0    0    1    0 |    1    2 |     252357     253157 |     527872     524384     524672
flat_M3       |     3    8    0    1    0    0 |   -6    0 |    1573376 2305843009215265984 |    1576448    1573056    1573344
flat_M5       |     5   32    0    1    0    0 |  -30    0 |    2621952 2305843009216309184 |    2625024    2622016    2622304
flat_M6       |     6   64    0    1    0    0 |  -62    0 |    3146240 2305843009216826304 |    3149312    3146816    3147104
flat_M7       |     7  128    0    1    0    0 | -126    0 |    3670528 2305843009217336256 |    3673600    3672128    3672416
html_wiki     |    11  197   17    9    0    4 | -145   13 |    2961365 2305843009216626581 |    2957170    2848634    2848874
prose_pride   |    11   96   14    4    1    4 |  -53   16 |    2426919 2305843009216113607 |    2418403    2399048    2399291
image_jpeg    |    10  256    7    6    1    1 | -231    4 |    4151227 2305843009217794587 |    4154985          0          0
json_api      |    11   98   16    9    1    5 |  -44   14 |    2764881 2305843009216453009 |    2751266    2740154    2740398
source_c      |    11   97   17   10    1    4 |  -42   13 |    2632737 2305843009216321025 |    2618879    2610366    2610609
log_apache    |    11   85   17    9    0    4 |  -33   13 |    2918802 2305843009216609106 |    2905349    2898723    2898970
dna_fasta     |    10   38    8    4    1    0 |  -15    6 |    1103411 2305843009214795731 |    1191563    1182529    1182775
csv_numeric   |    11   54   13    5    1    4 |  -12   14 |    1681359    1682703 |    1759009    1729321    1729566
gzip_random   |     8  256    0    1    0    0 | -254    0 |    4194816 2305843009217831872 |    4197888          0          0
chinese_text  |    11  151   14    7    1    2 | -109   11 |    3137169 2305843009216809873 |    3138048    3058779    3059024
calgary_pic   |    11  159    9    4    1    4 | -126   11 |     591079 2305843009214259975 |     887046     871158     871400
  Dmax=max Huffman code length; Lvs=# leaves; Ful/Flt/Hal/B2L=internal-node-type counts
  vIN/vLv = flat-aware VISIBLE internals/leaves (excludes nodes buried inside flat subtrees)
  +hdr_est = pivco_raw + (vIN*7 + vLv*9) * NBLOCKS/8 bits per-block table-encoding overhead
  Lower = better.  Original size = 4194304 bytes (4MB).

  5 runs of 200M symbols each (50x 4M), drop 2 slowest, warn if spread > 5%
  PIVCO/trad decode in 16384-symbol blocks
  huf0 uses 128KB chunks (its max block size)
  CPU freq drift: -0.1% (OK)
  Total wall time: 369.1 seconds
