=== PIVCO-Huffman Benchmarks (PIVCO_MAX_CODE_LEN=11) ===
Sequence: 4M, Repeats: 10 (40M/run), Block: 32768, Runs: 5 (drop 2)
Distribution set: ALL (29 distributions)

DECODE M/s    | pivco_s pivco_n pivco_bu | trad_1s trad_4s | huf0_1s huf0_x1 huf0_x2 |   ratio
--------------|-------------------------|-----------------|----------------------------|--------
proba80       |     304    3927    3929       0 |     381     462 |     307    1105    1786 |  2.20x
proba50       |     102   12254   12297       0 |     350     448 |     307    1103    1787 |  6.88x
proba14       |     156    7259    7297       0 |     304     448 |     307    1101    1718 |  4.25x
proba02       |     229    6056    6083       0 |     290     447 |     306    1087    1012 |  5.60x
bell_s10      |     319    5943    5928       0 |     289     448 |     306    1088    1558 |  3.82x
bell_s30      |     218    6330    6324       0 |     290     447 |     306    1086     964 |  5.83x
bell_s80      |     347    8876    8879       0 |     316     456 |       0       0       0 | 19.46x
uniform       |    1255   11925   11913       0 |     353     458 |       0       0       0 | 26.01x
english       |     215    8715    8743       0 |     310     454 |     306    1095    1715 |  5.10x
zipfian       |     166    6506    6487       0 |     272     454 |     306    1086    1227 |  5.30x
sparse_4      |    1260   18467   18489       0 |     416     462 |     307    1106    1814 | 10.19x
sparse_16     |    1258   15768   15764       0 |     390     462 |     306    1092    1793 |  8.79x
geometric     |     108    4948    4943       0 |     325     448 |     307    1101    1782 |  2.78x
two_sym_eq    |     219   21463   21410       0 |     428     461 |     307    1093    1821 | 11.78x
two_sym_90/10 |     613    5696    5710       0 |     428     461 |     307    1092    1783 |  3.20x
flat_M3       |    1181   17602   17639       0 |     402     462 |     307    1094    1799 |  9.80x
flat_M5       |    1111   14928   14952       0 |     381     462 |     307    1102    1731 |  8.64x
flat_M6       |    1110   13822   13853       0 |     373     462 |     307    1101    1601 |  8.65x
flat_M7       |    1048   12583   12578       0 |     362     461 |     307    1099     910 | 11.45x
html_wiki     |     189    4946    4951       0 |     288     448 |     306    1090    1424 |  3.48x
prose_pride   |     151    6521    6560       0 |     297     447 |     306    1089    1605 |  4.09x
image_jpeg    |     312    7740    7763       0 |     311     453 |       0       0       0 | 17.13x
json_api      |     197    6164    6157       0 |     297     448 |     306    1095    1476 |  4.17x
source_c      |     185    6527    6534       0 |     276     448 |     306    1094    1453 |  4.50x
log_apache    |     199    6136    6149       0 |     301     447 |     306    1096    1477 |  4.16x
dna_fasta     |     164    5458    5462       0 |     360     454 |     306    1097    1781 |  3.07x
csv_numeric   |     235    4093    4090       0 |     318     448 |     306    1096    1598 |  2.56x
gzip_random   |    1255   13373   13369       0 |     353     459 |       0       0       0 | 29.16x
chinese_text  |     177    5301    5292       0 |     293     448 |     306    1088    1407 |  3.77x
calgary_pic   |     510    3573    3554       0 |     375     448 |     306    1086    1553 |  2.30x

=== Compression sizes (bytes for 4M input) ===
DIST          |  Dmax  Lvs  Ful  Flt  Hal  B2L |  vIN  vLv |  pivco_raw   +hdr_est |    trad_4s    huf0_1s    huf0_x2
--------------|-----------------------------|-----------|----------------------|------------------------------------
proba80       |     5    6    3    0    1    1 |    5    6 |     480082     481506 |     657420     655561     655802
proba50       |    11   12    9    0    1    1 |   11   12 |    1052474    1055434 |    1049969    1048201    1048445
proba14       |    11   48   14    8    1    0 |   -9    8 |    2213069    2213213 |    2208174    2206777    2207023
proba02       |    11  255   17   14    0    3 | -200    7 |    3735915 2305843009217408475 |    3729352    3729433    3729686
bell_s10      |    11  256   10    8    0    1 | -225    4 |    2978344 2305843009216647672 |    3002856    2863870    2864118
bell_s30      |    11  256   14   12    0    1 | -213    4 |    3723707 2305843009217394379 |    3719045    3686052    3686295
bell_s80      |     9  256    3    4    0    0 | -245    0 |    4173715 2305843009217840227 |    4173976          0          0
uniform       |     8  256    0    1    0    0 | -254    0 |    4194560 2305843009217860064 |    4196096          0          0
english       |    10   30    8    3    1    3 |   -2   10 |    2231794    2233010 |    2229104    2227841    2228088
zipfian       |    10  256   12    9    1    3 | -214    8 |    3285259 2305843009216956395 |    3280625    3280325    3280574
sparse_4      |     2    4    0    1    0    0 |   -2    0 |    1048832 2305843009214742560 |    1050368    1048704    1048992
sparse_16     |     4   16    0    1    0    0 |  -14    0 |    2097408 2305843009215789792 |    2098944    2097472    2097760
geometric     |    11  256    8    6    1    0 | -231    4 |    1222761 2305843009214891417 |    1378918    1051741    1051987
two_sym_eq    |     1    2    0    0    1    0 |    1    2 |     524672     525072 |     526080     524384     524672
two_sym_90/10 |     1    2    0    0    1    0 |    1    2 |     250670     251070 |     526080     524384     524672
flat_M3       |     3    8    0    1    0    0 |   -6    0 |    1573120 2305843009215266400 |    1574656    1573056    1573344
flat_M5       |     5   32    0    1    0    0 |  -30    0 |    2621696 2305843009216312288 |    2623232    2622016    2622304
flat_M6       |     6   64    0    1    0    0 |  -62    0 |    3145984 2305843009216832992 |    3147520    3146816    3147104
flat_M7       |     7  128    0    1    0    0 | -126    0 |    3670272 2305843009217350112 |    3671808    3672128    3672416
html_wiki     |    11  197   17    9    0    4 | -145   13 |    2951171 2305843009216630755 |    2955147    2848634    2848874
prose_pride   |    11   96   14    4    1    4 |  -53   16 |    2420147 2305843009216110467 |    2416387    2399048    2399291
image_jpeg    |    10  256    7    6    1    1 | -231    4 |    4152869 2305843009217821525 |    4152955          0          0
json_api      |    11   98   16    9    1    5 |  -44   14 |    2755648 2305843009216446688 |    2749251    2740154    2740398
source_c      |    11   97   17   10    1    4 |  -42   13 |    2623447 2305843009216314567 |    2616893    2610366    2610609
log_apache    |    11   85   17    9    0    4 |  -33   13 |    2909944 2305843009216602072 |    2903340    2898723    2898970
dna_fasta     |    10   38    8    4    1    0 |  -15    6 |    1094167 2305843009214787303 |    1189545    1182529    1182775
csv_numeric   |    11   54   13    5    1    4 |  -12   14 |    1703727    1704399 |    1756999    1729321    1729566
gzip_random   |     8  256    0    1    0    0 | -254    0 |    4194560 2305843009217860064 |    4196096          0          0
chinese_text  |    11  151   14    7    1    2 | -109   11 |    3130055 2305843009216813383 |    3136050    3058779    3059024
calgary_pic   |    11  159    9    4    1    4 | -126   11 |     588576 2305843009214270000 |     885064     871158     871400
  Dmax=max Huffman code length; Lvs=# leaves; Ful/Flt/Hal/B2L=internal-node-type counts
  vIN/vLv = flat-aware VISIBLE internals/leaves (excludes nodes buried inside flat subtrees)
  +hdr_est = pivco_raw + (vIN*7 + vLv*9) * NBLOCKS/8 bits per-block table-encoding overhead
  Lower = better.  Original size = 4194304 bytes (4MB).

  5 runs of 40M symbols each (10x 4M), drop 2 slowest, warn if spread > 5%
  PIVCO/trad decode in 32768-symbol blocks
  huf0 uses 128KB chunks (its max block size)
  CPU freq drift: +0.2% (OK)
  Total wall time: 92.2 seconds
