=== PIVCO-Huffman Benchmarks (PIVCO_MAX_CODE_LEN=11) ===
Sequence: 4M, Repeats: 20 (80M/run), Block: 32768, Runs: 5 (drop 2)
Distribution set: ALL (29 distributions)

DECODE M/s    | pivco_s pivco_n pivco_bu | trad_1s trad_4s | huf0_1s huf0_x1 huf0_x2 |   ratio
--------------|-------------------------|-----------------|----------------------------|--------
proba80       |     268    4032    4034       0 |     388     715 |     263     924    1544 |  2.61x
proba50       |      97   11918   11924       0 |     350     695 |     263     927    1545 |  7.72x
proba14       |      58    6388    6393       0 |     300     695 |     263     927    1489 |  4.29x
proba02       |      58    5388    5295       0 |     289     694 |     262     915     884 |  5.89x
bell_s10      |      92    5706    5708       0 |     286     694 |     262     915    1376 |  4.15x
bell_s30      |      57    5498    5504       0 |     290     694 |     262     915     837 |  6.02x
bell_s80      |      98    7979    8026       0 |     321     707 |       0       0       0 | 11.35x
uniform       |    1016   11581   11563       0 |     359     710 |       0       0       0 | 16.32x
english       |      73    7967    7972       0 |     307     704 |     263     923    1499 |  5.32x
zipfian       |      53    5765    5774       0 |     269     704 |     262     915    1076 |  5.37x
sparse_4      |    1082   18771   18743       0 |     418     716 |     263     927    1558 | 12.05x
sparse_16     |    1034   16126   16110       0 |     397     715 |     263     926    1539 | 10.48x
geometric     |      98    4922    4928       0 |     323     695 |     263     927    1541 |  3.20x
two_sym_eq    |     194   22267   22243       0 |     430     715 |     263     919    1555 | 14.32x
two_sym_90/10 |     492    6309    6308       0 |     430     715 |     263     919    1539 |  4.10x
flat_M3       |     733   17699   17717       0 |     408     715 |     263     927    1553 | 11.41x
flat_M5       |     730   14753   14741       0 |     386     714 |     263     927    1535 |  9.61x
flat_M6       |     580   14062   13986       0 |     376     713 |     263     926    1421 |  9.90x
flat_M7       |     719   12708   12732       0 |     368     712 |     263     924     786 | 13.79x
html_wiki     |      81    4400    4490       0 |     283     695 |     262     918    1248 |  3.60x
prose_pride   |      56    5912    5900       0 |     294     695 |     262     918    1404 |  4.21x
image_jpeg    |      88    6938    6942       0 |     315     703 |       0       0       0 |  9.87x
json_api      |      96    5399    5402       0 |     289     695 |     262     921    1294 |  4.17x
source_c      |      75    6064    6215       0 |     270     695 |     262     920    1268 |  4.90x
log_apache    |      90    5444    5448       0 |     299     695 |     262     922    1306 |  4.17x
dna_fasta     |      94    5350    5352       0 |     361     705 |     263     922    1541 |  3.47x
csv_numeric   |     147    3975    3972       0 |     315     695 |     263     922    1388 |  2.86x
gzip_random   |    1019   12185   12193       0 |     359     710 |       0       0       0 | 17.17x
chinese_text  |      65    4673    4688       0 |     293     694 |     262     917    1247 |  3.76x
calgary_pic   |     304    3727    3739       0 |     378     695 |     262     909    1346 |  2.78x

=== Compression sizes (bytes for 4M input) ===
DIST          |  Dmax  Lvs  Ful  Flt  Hal  B2L |  vIN  vLv |  pivco_raw   +hdr_est |    trad_4s    huf0_1s    huf0_x2
--------------|-----------------------------|-----------|----------------------|------------------------------------
proba80       |     5    6    3    0    1    1 |    5    6 |     480082     481506 |     657420     655561     655802
proba50       |    11   12    9    0    1    1 |   11   12 |    1052474    1055434 |    1049969    1048201    1048445
proba14       |    11   48   14    8    1    0 |   -9    8 |    2213069    2213213 |    2208174    2206777    2207023
proba02       |    11  255   17   14    0    3 | -200    7 |    3735915 2305843009217408475 |    3729352    3729433    3729686
bell_s10      |    11  256   10    8    0    1 | -225    4 |    2978344 2305843009216647672 |    3002856    2863870    2864118
bell_s30      |    11  256   14   12    0    1 | -213    4 |    3723707 2305843009217394379 |    3719045    3686052    3686295
bell_s80      |     9  256    3    4    0    0 | -245    0 |    4173715 2305843009217840227 |    4173976          0          0
uniform       |     8  256    0    1    0    0 | -254    0 |    4194560 2305843009217860064 |    4196096          0          0
english       |    10   30    8    3    1    3 |   -2   10 |    2231794    2233010 |    2229104    2227841    2228088
zipfian       |    10  256   12    9    1    3 | -214    8 |    3285259 2305843009216956395 |    3280625    3280325    3280574
sparse_4      |     2    4    0    1    0    0 |   -2    0 |    1048832 2305843009214742560 |    1050368    1048704    1048992
sparse_16     |     4   16    0    1    0    0 |  -14    0 |    2097408 2305843009215789792 |    2098944    2097472    2097760
geometric     |    11  256    8    6    1    0 | -231    4 |    1222761 2305843009214891417 |    1378918    1051741    1051987
two_sym_eq    |     1    2    0    0    1    0 |    1    2 |     524672     525072 |     526080     524384     524672
two_sym_90/10 |     1    2    0    0    1    0 |    1    2 |     250670     251070 |     526080     524384     524672
flat_M3       |     3    8    0    1    0    0 |   -6    0 |    1573120 2305843009215266400 |    1574656    1573056    1573344
flat_M5       |     5   32    0    1    0    0 |  -30    0 |    2621696 2305843009216312288 |    2623232    2622016    2622304
flat_M6       |     6   64    0    1    0    0 |  -62    0 |    3145984 2305843009216832992 |    3147520    3146816    3147104
flat_M7       |     7  128    0    1    0    0 | -126    0 |    3670272 2305843009217350112 |    3671808    3672128    3672416
html_wiki     |    11  197   17    9    0    4 | -145   13 |    2951171 2305843009216630755 |    2955147    2848634    2848874
prose_pride   |    11   96   14    4    1    4 |  -53   16 |    2420147 2305843009216110467 |    2416387    2399048    2399291
image_jpeg    |    10  256    7    6    1    1 | -231    4 |    4152869 2305843009217821525 |    4152955          0          0
json_api      |    11   98   16    9    1    5 |  -44   14 |    2755648 2305843009216446688 |    2749251    2740154    2740398
source_c      |    11   97   17   10    1    4 |  -42   13 |    2623447 2305843009216314567 |    2616893    2610366    2610609
log_apache    |    11   85   17    9    0    4 |  -33   13 |    2909944 2305843009216602072 |    2903340    2898723    2898970
dna_fasta     |    10   38    8    4    1    0 |  -15    6 |    1094167 2305843009214787303 |    1189545    1182529    1182775
csv_numeric   |    11   54   13    5    1    4 |  -12   14 |    1703727    1704399 |    1756999    1729321    1729566
gzip_random   |     8  256    0    1    0    0 | -254    0 |    4194560 2305843009217860064 |    4196096          0          0
chinese_text  |    11  151   14    7    1    2 | -109   11 |    3130055 2305843009216813383 |    3136050    3058779    3059024
calgary_pic   |    11  159    9    4    1    4 | -126   11 |     588576 2305843009214270000 |     885064     871158     871400
  Dmax=max Huffman code length; Lvs=# leaves; Ful/Flt/Hal/B2L=internal-node-type counts
  vIN/vLv = flat-aware VISIBLE internals/leaves (excludes nodes buried inside flat subtrees)
  +hdr_est = pivco_raw + (vIN*7 + vLv*9) * NBLOCKS/8 bits per-block table-encoding overhead
  Lower = better.  Original size = 4194304 bytes (4MB).

  5 runs of 80M symbols each (20x 4M), drop 2 slowest, warn if spread > 5%
  PIVCO/trad decode in 32768-symbol blocks
  huf0 uses 128KB chunks (its max block size)
  CPU freq drift: +0.5% (OK)
  Total wall time: 238.1 seconds
