  WARNING: proba14/trad_1s spread 5.1% (351..370)
=== PIVCO-Huffman Benchmarks (PIVCO_MAX_CODE_LEN=11) ===
Sequence: 4M, Repeats: 20 (80M/run), Block: 32768, Runs: 5 (drop 2)
Distribution set: ALL (29 distributions)

DECODE M/s    | pivco_s pivco_n pivco_bu | trad_1s trad_4s | huf0_1s huf0_x1 huf0_x2 |   ratio
--------------|-------------------------|-----------------|----------------------------|--------
proba80       |     383    5343    5341       0 |     456     907 |     381    1348    2220 |  2.41x
proba50       |     126   15144   15155       0 |     419     894 |     381    1343    2197 |  6.90x
proba14       |      78    8453    8422       0 |     351     893 |     381    1345    2119 |  3.99x
proba02       |      80    7460    7392       0 |     346     892 |     379    1325    1280 |  5.63x
bell_s10      |     128    7926    7849       0 |     350     893 |     379    1331    1955 |  4.05x
bell_s30      |      79    7380    7418       0 |     346     893 |     379    1321    1209 |  5.61x
bell_s80      |     137   11939   11964       0 |     371     915 |       0       0       0 | 13.07x
uniform       |    1460   38279   38391       0 |     400     920 |       0       0       0 | 41.72x
english       |     101   10974   10988       0 |     365     908 |     380    1337    2132 |  5.15x
zipfian       |      72    7278    7315       0 |     323     908 |     379    1327    1538 |  4.76x
sparse_4      |    1460   58459   59125       0 |     488     923 |     381    1351    2208 | 26.78x
sparse_16     |    1460   54280   54356       0 |     461     921 |     381    1352    2191 | 24.81x
geometric     |     128    6610    6609       0 |     394     894 |     381    1342    2191 |  3.02x
two_sym_eq    |     265   66208   67003       0 |     502     920 |     381    1346    2212 | 30.29x
two_sym_90/10 |     780    8528    8496       0 |     503     921 |     381    1346    2230 |  3.82x
flat_M3       |    1346   56384   56194       0 |     473     922 |     381    1352    2201 | 25.62x
flat_M5       |    1263   48877   48705       0 |     447     922 |     381    1353    2173 | 22.50x
flat_M6       |    1255   45107   45174       0 |     430     923 |     381    1350    2062 | 21.91x
flat_M7       |    1181   42730   42712       0 |     418     921 |     381    1347    1133 | 31.72x
html_wiki     |     120    6425    6395       0 |     348     893 |     379    1331    1785 |  3.60x
prose_pride   |      76    7670    7685       0 |     362     893 |     380    1329    2008 |  3.83x
image_jpeg    |     122    9965    9839       0 |     366     908 |       0       0       0 | 10.97x
json_api      |     147    7156    7140       0 |     332     894 |     380    1336    1851 |  3.87x
source_c      |     104    7976    8045       0 |     320     893 |     380    1335    1816 |  4.43x
log_apache    |     143    7386    7389       0 |     345     893 |     380    1338    1860 |  3.97x
dna_fasta     |     124    7153    7147       0 |     430     908 |     381    1343    2196 |  3.26x
csv_numeric   |     209    5866    5877       0 |     372     894 |     380    1338    2006 |  2.93x
gzip_random   |    1460   38834   38720       0 |     400     918 |       0       0       0 | 42.28x
chinese_text  |      87    6602    6601       0 |     357     893 |     379    1330    1774 |  3.72x
calgary_pic   |     398    4713    4711       0 |     443     895 |     380    1326    1974 |  2.39x

=== Compression sizes (bytes for 4M input) ===
DIST          |  Dmax  Lvs  Ful  Flt  Hal  B2L |  vIN  vLv |  pivco_raw   +hdr_est |    trad_4s    huf0_1s    huf0_x2
--------------|-----------------------------|-----------|----------------------|------------------------------------
proba80       |     5    6    3    0    1    1 |    5    6 |     480210     481634 |     657420     655561     655802
proba50       |    11   12    9    0    1    1 |   11   12 |    1052733    1055693 |    1049969    1048201    1048445
proba14       |    11   48   14    8    1    0 |   -9    8 |    2213135    2213279 |    2208174    2206777    2207023
proba02       |    11  255   17   14    0    3 | -200    7 |    3736226 2305843009217408786 |    3729352    3729433    3729686
bell_s10      |    11  256   10    8    0    1 | -225    4 |    2978472 2305843009216647800 |    3002856    2863870    2864118
bell_s30      |    11  256   14   12    0    1 | -213    4 |    3724089 2305843009217394761 |    3719045    3686052    3686295
bell_s80      |     9  256    3    4    0    0 | -245    0 |    4173715 2305843009217840227 |    4173976          0          0
uniform       |     8  256    0    1    0    0 | -254    0 |    4194560 2305843009217860064 |    4196096          0          0
english       |    10   30    8    3    1    3 |   -2   10 |    2231728    2232944 |    2229104    2227841    2228088
zipfian       |    10  256   12    9    1    3 | -214    8 |    3285515 2305843009216956651 |    3280625    3280325    3280574
sparse_4      |     2    4    0    1    0    0 |   -2    0 |    1048832 2305843009214742560 |    1050368    1048704    1048992
sparse_16     |     4   16    0    1    0    0 |  -14    0 |    2097408 2305843009215789792 |    2098944    2097472    2097760
geometric     |    11  256    8    6    1    0 | -231    4 |    1222818 2305843009214891474 |    1378918    1051741    1051987
two_sym_eq    |     1    2    0    0    1    0 |    1    2 |     524672     525072 |     526080     524384     524672
two_sym_90/10 |     1    2    0    0    1    0 |    1    2 |     250670     251070 |     526080     524384     524672
flat_M3       |     3    8    0    1    0    0 |   -6    0 |    1573120 2305843009215266400 |    1574656    1573056    1573344
flat_M5       |     5   32    0    1    0    0 |  -30    0 |    2621696 2305843009216312288 |    2623232    2622016    2622304
flat_M6       |     6   64    0    1    0    0 |  -62    0 |    3145984 2305843009216832992 |    3147520    3146816    3147104
flat_M7       |     7  128    0    1    0    0 | -126    0 |    3670272 2305843009217350112 |    3671808    3672128    3672416
html_wiki     |    11  197   17    9    0    4 | -145   13 |    2951465 2305843009216631049 |    2955147    2848634    2848874
prose_pride   |    11   96   14    4    1    4 |  -53   16 |    2420281 2305843009216110601 |    2416387    2399048    2399291
image_jpeg    |    10  256    7    6    1    1 | -231    4 |    4152874 2305843009217821530 |    4152955          0          0
json_api      |    11   98   16    9    1    5 |  -44   14 |    2755917 2305843009216446957 |    2749251    2740154    2740398
source_c      |    11   97   17   10    1    4 |  -42   13 |    2623847 2305843009216314967 |    2616893    2610366    2610609
log_apache    |    11   85   17    9    0    4 |  -33   13 |    2910148 2305843009216602276 |    2903340    2898723    2898970
dna_fasta     |    10   38    8    4    1    0 |  -15    6 |    1094306 2305843009214787442 |    1189545    1182529    1182775
csv_numeric   |    11   54   13    5    1    4 |  -12   14 |    1704063    1704735 |    1756999    1729321    1729566
gzip_random   |     8  256    0    1    0    0 | -254    0 |    4194560 2305843009217860064 |    4196096          0          0
chinese_text  |    11  151   14    7    1    2 | -109   11 |    3130001 2305843009216813329 |    3136050    3058779    3059024
calgary_pic   |    11  159    9    4    1    4 | -126   11 |     588878 2305843009214270302 |     885064     871158     871400
  Dmax=max Huffman code length; Lvs=# leaves; Ful/Flt/Hal/B2L=internal-node-type counts
  vIN/vLv = flat-aware VISIBLE internals/leaves (excludes nodes buried inside flat subtrees)
  +hdr_est = pivco_raw + (vIN*7 + vLv*9) * NBLOCKS/8 bits per-block table-encoding overhead
  Lower = better.  Original size = 4194304 bytes (4MB).

  5 runs of 80M symbols each (20x 4M), drop 2 slowest, warn if spread > 5%
  PIVCO/trad decode in 32768-symbol blocks
  huf0 uses 128KB chunks (its max block size)
  CPU freq drift: +0.0% (OK)
  Total wall time: 175.7 seconds
