=== PIVCO-Huffman Benchmarks (PIVCO_MAX_CODE_LEN=11) ===
Sequence: 4M, Repeats: 20 (80M/run), Block: 16384, Runs: 5 (drop 2)
Distribution set: ALL (29 distributions)

DECODE M/s    | pivco_s pivco_n pivco_bu | trad_1s trad_4s | huf0_1s huf0_x1 huf0_x2 |   ratio
--------------|-------------------------|-----------------|----------------------------|--------
proba80       |     719    7311    7300       0 |     568    1712 |     392    1478    2824 |  2.59x
proba50       |     222   18268   18555       0 |     529    1665 |     390    1497    2802 |  6.62x
proba14       |     440    9175    9201       0 |     470    1673 |     391    1495    2763 |  3.33x
proba02       |     584    7994    8045       0 |     451    1652 |     390    1481    1638 |  4.87x
bell_s10      |     801    8267    7979       0 |     451    1633 |     388    1488    2482 |  3.33x
bell_s30      |     569    7741    7819       0 |     451    1627 |     390    1459    1551 |  4.81x
bell_s80      |     835   10352   10317       0 |     480    1709 |       0       0       0 |  6.06x
uniform       |    2463   15128   15128       0 |    1623    1721 |       0       0       0 |  8.79x
english       |     750   10976   10970       0 |     476    1692 |     390    1489    2690 |  4.08x
zipfian       |     441    7746    7762       0 |     429    1688 |     389    1477    1968 |  3.94x
sparse_4      |    2468   53911   53773       0 |    2676    1740 |    1203    3587    5475 |  9.85x
sparse_16     |    2469   53193   53092       0 |    2170    1703 |    1203    3339    5001 | 10.64x
geometric     |     238    7685    7653       0 |     500    1666 |     391    1488    2778 |  2.77x
two_sym_eq    |    3080   54366   53981       0 |    2979    1740 |     872    3585    5503 |  9.88x
two_sym_90/10 |    2585   12452   12384       0 |    2990    1744 |     872    3586    5293 |  2.35x
flat_M3       |    2298   36824   36362       0 |    2418    1733 |     873    3599    5551 |  6.63x
flat_M5       |    2207   36647   36584       0 |    1991    1728 |     872    3603    5322 |  6.89x
flat_M6       |    2198   27999   28302       0 |    1870    1724 |    1148    3509    4660 |  6.07x
flat_M7       |    2042   18766   18604       0 |    1722    1718 |     869    3590    2802 |  5.23x
html_wiki     |     524    7075    7041       0 |     454    1655 |     388    1481    2286 |  3.10x
prose_pride   |     483    8023    8066       0 |     461    1661 |     389    1485    2574 |  3.13x
image_jpeg    |     758    8598    8613       0 |     475    1693 |       0       0       0 |  5.09x
json_api      |     539    7570    7584       0 |     479    1662 |     388    1491    2356 |  3.22x
source_c      |     513    8504    8554       0 |     437    1627 |     389    1464    2355 |  3.63x
log_apache    |     540    7708    7771       0 |     474    1656 |     389    1488    2391 |  3.25x
dna_fasta     |     576    8980    8833       0 |     542    1696 |     391    1499    2864 |  3.14x
csv_numeric   |     704    5735    5752       0 |     490    1660 |     390    1482    2551 |  2.26x
gzip_random   |    2456   15128   15047       0 |    1635    1722 |       0       0       0 |  8.79x
chinese_text  |     505    7184    7224       0 |     459    1628 |     391    1466    2243 |  3.22x
calgary_pic   |    1928    5827    5822       0 |     639    1732 |     437    1477    2463 |  2.37x

=== Compression sizes (bytes for 4M input) ===
DIST          |  Dmax  Lvs  Ful  Flt  Hal  B2L |  vIN  vLv |  pivco_raw   +hdr_est |    trad_4s    huf0_1s    huf0_x2
--------------|-----------------------------|-----------|----------------------|------------------------------------
proba80       |     5    6    3    0    1    1 |    5    6 |     484432     487280 |     659453     655561     655802
proba50       |    11   12    9    0    1    1 |   11   12 |    1056647    1062567 |    1052014    1048201    1048445
proba14       |    11   48   14    8    1    0 |   -9    8 |    2219326    2219614 |    2210207    2206777    2207023
proba02       |    11  255   17   14    0    3 | -200    7 |    3743855 2305843009217395023 |    3731348    3729433    3729686
bell_s10      |    11  256   10    8    0    1 | -225    4 |    2983434 2305843009216628138 |    3004872    2863870    2864118
bell_s30      |    11  256   14   12    0    1 | -213    4 |    3730416 2305843009217377808 |    3721066    3686052    3686295
bell_s80      |     9  256    3    4    0    0 | -245    0 |    4175454 2305843009217814526 |    4175993          0          0
uniform       |     8  256    0    1    0    0 | -254    0 |    4194816 2305843009217831872 |    4197888          0          0
english       |    10   30    8    3    1    3 |   -2   10 |    2236086    2238518 |    2231128    2227841    2228088
zipfian       |    10  256   12    9    1    3 | -214    8 |    3291656 2305843009216939976 |    3282650    3280325    3280574
sparse_4      |     2    4    0    1    0    0 |   -2    0 |    1049088 2305843009214742592 |    1052160    1048704    1048992
sparse_16     |     4   16    0    1    0    0 |  -14    0 |    2097664 2305843009215788480 |    2100736    2097472    2097760
geometric     |    11  256    8    6    1    0 | -231    4 |    1229931 2305843009214873291 |    1380933    1051741    1051987
two_sym_eq    |     1    2    0    0    1    0 |    1    2 |     525056     525856 |     527872     524384     524672
two_sym_90/10 |     1    2    0    0    1    0 |    1    2 |     252357     253157 |     527872     524384     524672
flat_M3       |     3    8    0    1    0    0 |   -6    0 |    1573376 2305843009215265984 |    1576448    1573056    1573344
flat_M5       |     5   32    0    1    0    0 |  -30    0 |    2621952 2305843009216309184 |    2625024    2622016    2622304
flat_M6       |     6   64    0    1    0    0 |  -62    0 |    3146240 2305843009216826304 |    3149312    3146816    3147104
flat_M7       |     7  128    0    1    0    0 | -126    0 |    3670528 2305843009217336256 |    3673600    3672128    3672416
html_wiki     |    11  197   17    9    0    4 | -145   13 |    2960199 2305843009216625415 |    2957170    2848634    2848874
prose_pride   |    11   96   14    4    1    4 |  -53   16 |    2426257 2305843009216112945 |    2418403    2399048    2399291
image_jpeg    |    10  256    7    6    1    1 | -231    4 |    4150881 2305843009217794241 |    4154985          0          0
json_api      |    11   98   16    9    1    5 |  -44   14 |    2763929 2305843009216452057 |    2751266    2740154    2740398
source_c      |    11   97   17   10    1    4 |  -42   13 |    2631210 2305843009216319498 |    2618879    2610366    2610609
log_apache    |    11   85   17    9    0    4 |  -33   13 |    2917804 2305843009216608108 |    2905349    2898723    2898970
dna_fasta     |    10   38    8    4    1    0 |  -15    6 |    1103119 2305843009214795439 |    1191563    1182529    1182775
csv_numeric   |    11   54   13    5    1    4 |  -12   14 |    1680258    1681602 |    1759009    1729321    1729566
gzip_random   |     8  256    0    1    0    0 | -254    0 |    4194816 2305843009217831872 |    4197888          0          0
chinese_text  |    11  151   14    7    1    2 | -109   11 |    3136924 2305843009216809628 |    3138048    3058779    3059024
calgary_pic   |    11  159    9    4    1    4 | -126   11 |     590198 2305843009214259094 |     887046     871158     871400
  Dmax=max Huffman code length; Lvs=# leaves; Ful/Flt/Hal/B2L=internal-node-type counts
  vIN/vLv = flat-aware VISIBLE internals/leaves (excludes nodes buried inside flat subtrees)
  +hdr_est = pivco_raw + (vIN*7 + vLv*9) * NBLOCKS/8 bits per-block table-encoding overhead
  Lower = better.  Original size = 4194304 bytes (4MB).

  5 runs of 80M symbols each (20x 4M), drop 2 slowest, warn if spread > 5%
  PIVCO/trad decode in 16384-symbol blocks
  huf0 uses 128KB chunks (its max block size)
  CPU freq drift: +1.2% (OK)
  Total wall time: 84.3 seconds
