  WARNING: flat_M3/huf0_1s spread 12.4% (872..996)
=== PIVCO-Huffman Benchmarks (PIVCO_MAX_CODE_LEN=11) ===
Sequence: 4M, Repeats: 20 (80M/run), Block: 16384, Runs: 5 (drop 2)
Distribution set: ALL (29 distributions)

DECODE M/s    | pivco_s pivco_n pivco_bu | trad_1s trad_4s | huf0_1s huf0_x1 huf0_x2 |   ratio
--------------|-------------------------|-----------------|----------------------------|--------
proba80       |     722    7589    7565       0 |     568    1739 |     392    1499    2881 |  2.63x
proba50       |     222   16784   17012       0 |     529    1668 |     391    1493    2807 |  6.06x
proba14       |     445    8784    9069       0 |     470    1666 |     391    1503    2749 |  3.30x
proba02       |     593    7708    7717       0 |     450    1663 |     390    1499    1647 |  4.64x
bell_s10      |     800    7734    7700       0 |     451    1657 |     388    1484    2490 |  3.11x
bell_s30      |     572    7657    7690       0 |     451    1659 |     390    1492    1543 |  4.64x
bell_s80      |     843    9910    9907       0 |     480    1715 |       0       0       0 |  5.78x
uniform       |    2453   15299   15255       0 |    1639    1717 |       0       0       0 |  8.91x
english       |     749   10967   10901       0 |     476    1700 |     390    1507    2705 |  4.05x
zipfian       |     447    7579    7582       0 |     430    1691 |     390    1486    1981 |  3.83x
sparse_4      |    2469   53739   54613       0 |    2717    1732 |    1202    3576    5458 | 10.01x
sparse_16     |    2468   53533   53499       0 |    2186    1737 |    1199    3356    4999 | 10.71x
geometric     |     238    7534    7492       0 |     500    1663 |     391    1508    2818 |  2.67x
two_sym_eq    |    3118   54085   53670       0 |    3010    1732 |     900    3603    5537 |  9.77x
two_sym_90/10 |    2642   12630   12599       0 |    3014    1720 |     882    3621    5274 |  2.39x
flat_M3       |    2315   36712   36362       0 |    2460    1708 |     873    3610    5544 |  6.62x
flat_M5       |    2181   36065   35818       0 |    2026    1725 |     875    3604    5318 |  6.78x
flat_M6       |    2188   28388   28650       0 |    1868    1722 |    1174    3560    4743 |  6.04x
flat_M7       |    2041   19209   19048       0 |    1721    1717 |     885    3627    2830 |  5.30x
html_wiki     |     526    6667    6694       0 |     454    1658 |     388    1484    2294 |  2.92x
prose_pride   |     486    7787    7942       0 |     461    1661 |     388    1482    2555 |  3.11x
image_jpeg    |     766    8422    8546       0 |     474    1696 |       0       0       0 |  5.04x
json_api      |     538    7407    7347       0 |     479    1633 |     390    1488    2336 |  3.17x
source_c      |     524    8152    8203       0 |     437    1659 |     389    1490    2303 |  3.56x
log_apache    |     548    7528    7553       0 |     474    1658 |     389    1494    2398 |  3.15x
dna_fasta     |     574    9040    9009       0 |     542    1696 |     390    1491    2854 |  3.17x
csv_numeric   |     712    5423    5432       0 |     490    1665 |     390    1489    2604 |  2.09x
gzip_random   |    2461   15392   15235       0 |    1621    1719 |       0       0       0 |  8.95x
chinese_text  |     515    6990    6858       0 |     458    1663 |     391    1481    2278 |  3.07x
calgary_pic   |    1915    5796    5826       0 |     640    1760 |     436    1488    2421 |  2.41x

=== Compression sizes (bytes for 4M input) ===
DIST          |  Dmax  Lvs  Ful  Flt  Hal  B2L |  vIN  vLv |  pivco_raw   +hdr_est |    trad_4s    huf0_1s    huf0_x2
--------------|-----------------------------|-----------|----------------------|------------------------------------
proba80       |     5    6    3    0    1    1 |    5    6 |     484753     487601 |     659453     655561     655802
proba50       |    11   12    9    0    1    1 |   11   12 |    1057537    1063457 |    1052014    1048201    1048445
proba14       |    11   48   14    8    1    0 |   -9    8 |    2220081    2220369 |    2210207    2206777    2207023
proba02       |    11  255   17   14    0    3 | -200    7 |    3745119 2305843009217396287 |    3731348    3729433    3729686
bell_s10      |    11  256   10    8    0    1 | -225    4 |    2984714 2305843009216629418 |    3004872    2863870    2864118
bell_s30      |    11  256   14   12    0    1 | -213    4 |    3731184 2305843009217378576 |    3721066    3686052    3686295
bell_s80      |     9  256    3    4    0    0 | -245    0 |    4175454 2305843009217814526 |    4175993          0          0
uniform       |     8  256    0    1    0    0 | -254    0 |    4194816 2305843009217831872 |    4197888          0          0
english       |    10   30    8    3    1    3 |   -2   10 |    2236347    2238779 |    2231128    2227841    2228088
zipfian       |    10  256   12    9    1    3 | -214    8 |    3292424 2305843009216940744 |    3282650    3280325    3280574
sparse_4      |     2    4    0    1    0    0 |   -2    0 |    1049088 2305843009214742592 |    1052160    1048704    1048992
sparse_16     |     4   16    0    1    0    0 |  -14    0 |    2097664 2305843009215788480 |    2100736    2097472    2097760
geometric     |    11  256    8    6    1    0 | -231    4 |    1230187 2305843009214873547 |    1380933    1051741    1051987
two_sym_eq    |     1    2    0    0    1    0 |    1    2 |     525056     525856 |     527872     524384     524672
two_sym_90/10 |     1    2    0    0    1    0 |    1    2 |     252357     253157 |     527872     524384     524672
flat_M3       |     3    8    0    1    0    0 |   -6    0 |    1573376 2305843009215265984 |    1576448    1573056    1573344
flat_M5       |     5   32    0    1    0    0 |  -30    0 |    2621952 2305843009216309184 |    2625024    2622016    2622304
flat_M6       |     6   64    0    1    0    0 |  -62    0 |    3146240 2305843009216826304 |    3149312    3146816    3147104
flat_M7       |     7  128    0    1    0    0 | -126    0 |    3670528 2305843009217336256 |    3673600    3672128    3672416
html_wiki     |    11  197   17    9    0    4 | -145   13 |    2961365 2305843009216626581 |    2957170    2848634    2848874
prose_pride   |    11   96   14    4    1    4 |  -53   16 |    2426919 2305843009216113607 |    2418403    2399048    2399291
image_jpeg    |    10  256    7    6    1    1 | -231    4 |    4151227 2305843009217794587 |    4154985          0          0
json_api      |    11   98   16    9    1    5 |  -44   14 |    2764881 2305843009216453009 |    2751266    2740154    2740398
source_c      |    11   97   17   10    1    4 |  -42   13 |    2632737 2305843009216321025 |    2618879    2610366    2610609
log_apache    |    11   85   17    9    0    4 |  -33   13 |    2918802 2305843009216609106 |    2905349    2898723    2898970
dna_fasta     |    10   38    8    4    1    0 |  -15    6 |    1103411 2305843009214795731 |    1191563    1182529    1182775
csv_numeric   |    11   54   13    5    1    4 |  -12   14 |    1681359    1682703 |    1759009    1729321    1729566
gzip_random   |     8  256    0    1    0    0 | -254    0 |    4194816 2305843009217831872 |    4197888          0          0
chinese_text  |    11  151   14    7    1    2 | -109   11 |    3137169 2305843009216809873 |    3138048    3058779    3059024
calgary_pic   |    11  159    9    4    1    4 | -126   11 |     591079 2305843009214259975 |     887046     871158     871400
  Dmax=max Huffman code length; Lvs=# leaves; Ful/Flt/Hal/B2L=internal-node-type counts
  vIN/vLv = flat-aware VISIBLE internals/leaves (excludes nodes buried inside flat subtrees)
  +hdr_est = pivco_raw + (vIN*7 + vLv*9) * NBLOCKS/8 bits per-block table-encoding overhead
  Lower = better.  Original size = 4194304 bytes (4MB).

  5 runs of 80M symbols each (20x 4M), drop 2 slowest, warn if spread > 5%
  PIVCO/trad decode in 16384-symbol blocks
  huf0 uses 128KB chunks (its max block size)
  CPU freq drift: +12.7% (OK)
  Total wall time: 84.1 seconds
