=== PIVCO-Huffman Benchmarks (PIVCO_MAX_CODE_LEN=11) ===
Sequence: 4M, Repeats: 10 (40M/run), Block: 32768, Runs: 5 (drop 2)
Distribution set: ALL (29 distributions)

DECODE M/s    | pivco_s pivco_n pivco_bu | trad_1s trad_4s | huf0_1s huf0_x1 huf0_x2 |   ratio
--------------|-------------------------|-----------------|----------------------------|--------
proba80       |     282    3971    3969       0 |     381     462 |     307    1102    1802 |  2.20x
proba50       |     100   12395   12382       0 |     350     448 |     307    1107    1794 |  6.91x
proba14       |     153    7112    7116       0 |     304     448 |     307    1101    1713 |  4.15x
proba02       |     224    5906    5907       0 |     290     448 |     306    1088    1014 |  5.43x
bell_s10      |     322    5894    5888       0 |     290     448 |     306    1089    1557 |  3.79x
bell_s30      |     214    6160    6183       0 |     289     448 |     306    1086     966 |  5.69x
bell_s80      |     336    8735    8747       0 |     316     457 |       0       0       0 | 19.13x
uniform       |    1256   11915   11953       0 |     353     459 |       0       0       0 | 26.05x
english       |     213    8580    8587       0 |     309     454 |     306    1097    1723 |  4.98x
zipfian       |     164    6356    6352       0 |     272     454 |     306    1087    1224 |  5.19x
sparse_4      |    1260   18470   18546       0 |     416     462 |     307    1105    1825 | 10.16x
sparse_16     |    1258   15807   15798       0 |     390     462 |     306    1091    1807 |  8.75x
geometric     |     106    4973    4963       0 |     324     448 |     307    1103    1798 |  2.77x
two_sym_eq    |     219   21313   21282       0 |     428     461 |     307    1093    1813 | 11.76x
two_sym_90/10 |     616    5689    5699       0 |     428     461 |     307    1093    1786 |  3.19x
flat_M3       |    1125   17631   17649       0 |     402     462 |     307    1095    1822 |  9.69x
flat_M5       |     948   14950   14978       0 |     381     462 |     307    1100    1740 |  8.61x
flat_M6       |     815   13797   13828       0 |     373     461 |     307    1101    1613 |  8.57x
flat_M7       |     991   12591   12587       0 |     362     461 |     307    1099     906 | 11.45x
html_wiki     |     193    4845    4865       0 |     288     447 |     306    1089    1431 |  3.40x
prose_pride   |     150    6358    6372       0 |     297     448 |     306    1088    1604 |  3.97x
image_jpeg    |     300    7628    7639       0 |     311     453 |       0       0       0 | 16.86x
json_api      |     200    6041    6053       0 |     298     448 |     306    1095    1476 |  4.10x
source_c      |     185    6452    6450       0 |     275     447 |     306    1094    1449 |  4.45x
log_apache    |     204    6064    6018       0 |     302     447 |     306    1096    1495 |  4.06x
dna_fasta     |     162    5399    5407       0 |     360     454 |     306    1097    1791 |  3.02x
csv_numeric   |     236    4148    4157       0 |     318     448 |     306    1096    1624 |  2.56x
gzip_random   |    1256   13365   13365       0 |     353     459 |       0       0       0 | 29.15x
chinese_text  |     174    5191    5198       0 |     293     447 |     306    1088    1420 |  3.66x
calgary_pic   |     518    3574    3586       0 |     376     448 |     306    1085    1555 |  2.31x

=== Compression sizes (bytes for 4M input) ===
DIST          |  Dmax  Lvs  Ful  Flt  Hal  B2L |  vIN  vLv |  pivco_raw   +hdr_est |    trad_4s    huf0_1s    huf0_x2
--------------|-----------------------------|-----------|----------------------|------------------------------------
proba80       |     5    6    3    0    1    1 |    5    6 |     480210     481634 |     657420     655561     655802
proba50       |    11   12    9    0    1    1 |   11   12 |    1052733    1055693 |    1049969    1048201    1048445
proba14       |    11   48   14    8    1    0 |   -9    8 |    2213135    2213279 |    2208174    2206777    2207023
proba02       |    11  255   17   14    0    3 | -200    7 |    3736226 2305843009217408786 |    3729352    3729433    3729686
bell_s10      |    11  256   10    8    0    1 | -225    4 |    2978472 2305843009216647800 |    3002856    2863870    2864118
bell_s30      |    11  256   14   12    0    1 | -213    4 |    3724089 2305843009217394761 |    3719045    3686052    3686295
bell_s80      |     9  256    3    4    0    0 | -245    0 |    4173715 2305843009217840227 |    4173976          0          0
uniform       |     8  256    0    1    0    0 | -254    0 |    4194560 2305843009217860064 |    4196096          0          0
english       |    10   30    8    3    1    3 |   -2   10 |    2231728    2232944 |    2229104    2227841    2228088
zipfian       |    10  256   12    9    1    3 | -214    8 |    3285515 2305843009216956651 |    3280625    3280325    3280574
sparse_4      |     2    4    0    1    0    0 |   -2    0 |    1048832 2305843009214742560 |    1050368    1048704    1048992
sparse_16     |     4   16    0    1    0    0 |  -14    0 |    2097408 2305843009215789792 |    2098944    2097472    2097760
geometric     |    11  256    8    6    1    0 | -231    4 |    1222818 2305843009214891474 |    1378918    1051741    1051987
two_sym_eq    |     1    2    0    0    1    0 |    1    2 |     524672     525072 |     526080     524384     524672
two_sym_90/10 |     1    2    0    0    1    0 |    1    2 |     250670     251070 |     526080     524384     524672
flat_M3       |     3    8    0    1    0    0 |   -6    0 |    1573120 2305843009215266400 |    1574656    1573056    1573344
flat_M5       |     5   32    0    1    0    0 |  -30    0 |    2621696 2305843009216312288 |    2623232    2622016    2622304
flat_M6       |     6   64    0    1    0    0 |  -62    0 |    3145984 2305843009216832992 |    3147520    3146816    3147104
flat_M7       |     7  128    0    1    0    0 | -126    0 |    3670272 2305843009217350112 |    3671808    3672128    3672416
html_wiki     |    11  197   17    9    0    4 | -145   13 |    2951465 2305843009216631049 |    2955147    2848634    2848874
prose_pride   |    11   96   14    4    1    4 |  -53   16 |    2420281 2305843009216110601 |    2416387    2399048    2399291
image_jpeg    |    10  256    7    6    1    1 | -231    4 |    4152874 2305843009217821530 |    4152955          0          0
json_api      |    11   98   16    9    1    5 |  -44   14 |    2755917 2305843009216446957 |    2749251    2740154    2740398
source_c      |    11   97   17   10    1    4 |  -42   13 |    2623847 2305843009216314967 |    2616893    2610366    2610609
log_apache    |    11   85   17    9    0    4 |  -33   13 |    2910148 2305843009216602276 |    2903340    2898723    2898970
dna_fasta     |    10   38    8    4    1    0 |  -15    6 |    1094306 2305843009214787442 |    1189545    1182529    1182775
csv_numeric   |    11   54   13    5    1    4 |  -12   14 |    1704063    1704735 |    1756999    1729321    1729566
gzip_random   |     8  256    0    1    0    0 | -254    0 |    4194560 2305843009217860064 |    4196096          0          0
chinese_text  |    11  151   14    7    1    2 | -109   11 |    3130001 2305843009216813329 |    3136050    3058779    3059024
calgary_pic   |    11  159    9    4    1    4 | -126   11 |     588878 2305843009214270302 |     885064     871158     871400
  Dmax=max Huffman code length; Lvs=# leaves; Ful/Flt/Hal/B2L=internal-node-type counts
  vIN/vLv = flat-aware VISIBLE internals/leaves (excludes nodes buried inside flat subtrees)
  +hdr_est = pivco_raw + (vIN*7 + vLv*9) * NBLOCKS/8 bits per-block table-encoding overhead
  Lower = better.  Original size = 4194304 bytes (4MB).

  5 runs of 40M symbols each (10x 4M), drop 2 slowest, warn if spread > 5%
  PIVCO/trad decode in 32768-symbol blocks
  huf0 uses 128KB chunks (its max block size)
  CPU freq drift: +0.1% (OK)
  Total wall time: 92.6 seconds
