=== PIVCO-Huffman Benchmarks (PIVCO_MAX_CODE_LEN=11) ===
Sequence: 4M, Repeats: 20 (80M/run), Block: 32768, Runs: 5 (drop 2)
Distribution set: ALL (29 distributions)

DECODE M/s    | pivco_s pivco_n pivco_bu | trad_1s trad_4s | huf0_1s huf0_x1 huf0_x2 |   ratio
--------------|-------------------------|-----------------|----------------------------|--------
proba80       |     384    5282    5282       0 |     456     920 |     381    1202    2060 |  2.56x
proba50       |     128   15478   15465       0 |     419     893 |     381    1343    2216 |  6.99x
proba14       |      77    8659    8661       0 |     360     893 |     381    1342    2128 |  4.07x
proba02       |      77    7589    7590       0 |     350     892 |     379    1327    1280 |  5.72x
bell_s10      |     120    8029    8049       0 |     335     894 |     380    1332    1959 |  4.11x
bell_s30      |      76    7560    7488       0 |     346     892 |     379    1323    1209 |  5.72x
bell_s80      |     130   12002   11895       0 |     373     915 |       0       0       0 | 13.12x
uniform       |     914   38660   38452       0 |     400     919 |       0       0       0 | 42.06x
english       |      97   11153   11055       0 |     375     908 |     380    1337    2143 |  5.20x
zipfian       |      70    7501    7497       0 |     332     907 |     379    1328    1540 |  4.87x
sparse_4      |     914   60214   58900       0 |     488     921 |     381    1352    2232 | 26.98x
sparse_16     |     914   53831   54148       0 |     461     921 |     381    1353    2212 | 24.48x
geometric     |     129    6666    6648       0 |     394     893 |     381    1343    2213 |  3.01x
two_sym_eq    |     265   67271   66473       0 |     503     922 |     381    1347    2233 | 30.13x
two_sym_90/10 |     779    8498    8508       0 |     503     922 |     381    1347    2251 |  3.78x
flat_M3       |     914   56427   56948       0 |     473     922 |     381    1353    2223 | 25.61x
flat_M5       |     913   48605   48912       0 |     447     921 |     381    1351    2178 | 22.46x
flat_M6       |     862   45276   45035       0 |     430     921 |     381    1349    2064 | 21.94x
flat_M7       |     913   43123   43021       0 |     418     922 |     381    1349    1132 | 31.98x
html_wiki     |     110    6507    6474       0 |     348     892 |     380    1331    1788 |  3.64x
prose_pride   |      74    7863    7854       0 |     343     892 |     380    1330    2014 |  3.90x
image_jpeg    |     116   10072   10096       0 |     369     908 |       0       0       0 | 11.12x
json_api      |     131    7297    7297       0 |     348     893 |     380    1337    1854 |  3.93x
source_c      |      99    8144    8189       0 |     338     894 |     380    1335    1822 |  4.49x
log_apache    |     124    7558    7523       0 |     363     892 |     380    1337    1862 |  4.06x
dna_fasta     |     125    7358    7344       0 |     430     907 |     381    1341    2216 |  3.32x
csv_numeric   |     195    5938    5933       0 |     384     894 |     380    1338    2019 |  2.94x
gzip_random   |     913   38833   38823       0 |     400     917 |       0       0       0 | 42.36x
chinese_text  |      84    6659    6672       0 |     357     894 |     379    1331    1777 |  3.75x
calgary_pic   |     397    4774    4775       0 |     443     894 |     380    1327    1984 |  2.41x

=== Compression sizes (bytes for 4M input) ===
DIST          |  Dmax  Lvs  Ful  Flt  Hal  B2L |  vIN  vLv |  pivco_raw   +hdr_est |    trad_4s    huf0_1s    huf0_x2
--------------|-----------------------------|-----------|----------------------|------------------------------------
proba80       |     5    6    3    0    1    1 |    5    6 |     480082     481506 |     657420     655561     655802
proba50       |    11   12    9    0    1    1 |   11   12 |    1052474    1055434 |    1049969    1048201    1048445
proba14       |    11   48   14    8    1    0 |   -9    8 |    2213069    2213213 |    2208174    2206777    2207023
proba02       |    11  255   17   14    0    3 | -200    7 |    3735915 2305843009217408475 |    3729352    3729433    3729686
bell_s10      |    11  256   10    8    0    1 | -225    4 |    2978344 2305843009216647672 |    3002856    2863870    2864118
bell_s30      |    11  256   14   12    0    1 | -213    4 |    3723707 2305843009217394379 |    3719045    3686052    3686295
bell_s80      |     9  256    3    4    0    0 | -245    0 |    4173715 2305843009217840227 |    4173976          0          0
uniform       |     8  256    0    1    0    0 | -254    0 |    4194560 2305843009217860064 |    4196096          0          0
english       |    10   30    8    3    1    3 |   -2   10 |    2231794    2233010 |    2229104    2227841    2228088
zipfian       |    10  256   12    9    1    3 | -214    8 |    3285259 2305843009216956395 |    3280625    3280325    3280574
sparse_4      |     2    4    0    1    0    0 |   -2    0 |    1048832 2305843009214742560 |    1050368    1048704    1048992
sparse_16     |     4   16    0    1    0    0 |  -14    0 |    2097408 2305843009215789792 |    2098944    2097472    2097760
geometric     |    11  256    8    6    1    0 | -231    4 |    1222761 2305843009214891417 |    1378918    1051741    1051987
two_sym_eq    |     1    2    0    0    1    0 |    1    2 |     524672     525072 |     526080     524384     524672
two_sym_90/10 |     1    2    0    0    1    0 |    1    2 |     250670     251070 |     526080     524384     524672
flat_M3       |     3    8    0    1    0    0 |   -6    0 |    1573120 2305843009215266400 |    1574656    1573056    1573344
flat_M5       |     5   32    0    1    0    0 |  -30    0 |    2621696 2305843009216312288 |    2623232    2622016    2622304
flat_M6       |     6   64    0    1    0    0 |  -62    0 |    3145984 2305843009216832992 |    3147520    3146816    3147104
flat_M7       |     7  128    0    1    0    0 | -126    0 |    3670272 2305843009217350112 |    3671808    3672128    3672416
html_wiki     |    11  197   17    9    0    4 | -145   13 |    2951171 2305843009216630755 |    2955147    2848634    2848874
prose_pride   |    11   96   14    4    1    4 |  -53   16 |    2420147 2305843009216110467 |    2416387    2399048    2399291
image_jpeg    |    10  256    7    6    1    1 | -231    4 |    4152869 2305843009217821525 |    4152955          0          0
json_api      |    11   98   16    9    1    5 |  -44   14 |    2755648 2305843009216446688 |    2749251    2740154    2740398
source_c      |    11   97   17   10    1    4 |  -42   13 |    2623447 2305843009216314567 |    2616893    2610366    2610609
log_apache    |    11   85   17    9    0    4 |  -33   13 |    2909944 2305843009216602072 |    2903340    2898723    2898970
dna_fasta     |    10   38    8    4    1    0 |  -15    6 |    1094167 2305843009214787303 |    1189545    1182529    1182775
csv_numeric   |    11   54   13    5    1    4 |  -12   14 |    1703727    1704399 |    1756999    1729321    1729566
gzip_random   |     8  256    0    1    0    0 | -254    0 |    4194560 2305843009217860064 |    4196096          0          0
chinese_text  |    11  151   14    7    1    2 | -109   11 |    3130055 2305843009216813383 |    3136050    3058779    3059024
calgary_pic   |    11  159    9    4    1    4 | -126   11 |     588576 2305843009214270000 |     885064     871158     871400
  Dmax=max Huffman code length; Lvs=# leaves; Ful/Flt/Hal/B2L=internal-node-type counts
  vIN/vLv = flat-aware VISIBLE internals/leaves (excludes nodes buried inside flat subtrees)
  +hdr_est = pivco_raw + (vIN*7 + vLv*9) * NBLOCKS/8 bits per-block table-encoding overhead
  Lower = better.  Original size = 4194304 bytes (4MB).

  5 runs of 80M symbols each (20x 4M), drop 2 slowest, warn if spread > 5%
  PIVCO/trad decode in 32768-symbol blocks
  huf0 uses 128KB chunks (its max block size)
  CPU freq drift: +0.1% (OK)
  Total wall time: 179.9 seconds
