=== PIVCO-Huffman Benchmarks (PIVCO_MAX_CODE_LEN=11) ===
Sequence: 4M, Repeats: 20 (80M/run), Block: 32768, Runs: 5 (drop 2)
Distribution set: ALL (29 distributions)

DECODE M/s    | pivco_s pivco_n pivco_bu | trad_1s trad_4s | huf0_1s huf0_x1 huf0_x2 |   ratio
--------------|-------------------------|-----------------|----------------------------|--------
proba80       |     385    5255    5253       0 |     456     921 |     381    1279    2151 |  2.44x
proba50       |     128   15414   15448       0 |     421     893 |     381    1342    2212 |  6.98x
proba14       |      77    8671    8643       0 |     370     893 |     381    1346    2127 |  4.08x
proba02       |      77    7542    7505       0 |     350     892 |     379    1325    1280 |  5.69x
bell_s10      |     120    8027    8062       0 |     335     892 |     380    1331    1960 |  4.11x
bell_s30      |      76    7494    7496       0 |     346     893 |     379    1322    1209 |  5.67x
bell_s80      |     130   12054   11999       0 |     371     914 |       0       0       0 | 13.20x
uniform       |     913   38357   38264       0 |     400     919 |       0       0       0 | 41.73x
english       |      97   11131   11181       0 |     357     907 |     380    1336    2139 |  5.23x
zipfian       |      70    7476    7444       0 |     323     907 |     379    1327    1541 |  4.85x
sparse_4      |     914   58861   58915       0 |     488     921 |     381    1350    2231 | 26.41x
sparse_16     |     914   54284   54210       0 |     461     921 |     381    1353    2210 | 24.57x
geometric     |     129    6658    6651       0 |     394     893 |     381    1340    2210 |  3.01x
two_sym_eq    |     265   65574   66151       0 |     502     922 |     381    1345    2229 | 29.68x
two_sym_90/10 |     780    8461    8476       0 |     503     921 |     381    1345    2246 |  3.77x
flat_M3       |     914   55982   55894       0 |     473     922 |     381    1352    2223 | 25.18x
flat_M5       |     913   48380   48590       0 |     447     922 |     381    1351    2180 | 22.29x
flat_M6       |     868   44975   45333       0 |     430     922 |     381    1350    2065 | 21.96x
flat_M7       |     914   43210   43460       0 |     417     921 |     381    1347    1131 | 32.26x
html_wiki     |     110    6507    6507       0 |     349     893 |     380    1331    1788 |  3.64x
prose_pride   |      74    7811    7807       0 |     362     893 |     380    1329    2017 |  3.87x
image_jpeg    |     116   10039   10068       0 |     366     907 |       0       0       0 | 11.10x
json_api      |     131    7218    7262       0 |     332     892 |     380    1336    1855 |  3.91x
source_c      |      99    8190    8172       0 |     337     894 |     380    1335    1823 |  4.49x
log_apache    |     124    7539    7538       0 |     345     892 |     380    1338    1864 |  4.04x
dna_fasta     |     125    7435    7432       0 |     431     908 |     381    1340    2216 |  3.35x
csv_numeric   |     195    5972    5969       0 |     384     893 |     380    1338    2018 |  2.96x
gzip_random   |     914   38869   38943       0 |     400     919 |       0       0       0 | 42.37x
chinese_text  |      84    6629    6615       0 |     357     894 |     379    1331    1776 |  3.73x
calgary_pic   |     398    4741    4749       0 |     443     893 |     380    1326    1984 |  2.39x

=== Compression sizes (bytes for 4M input) ===
DIST          |  Dmax  Lvs  Ful  Flt  Hal  B2L |  vIN  vLv |  pivco_raw   +hdr_est |    trad_4s    huf0_1s    huf0_x2
--------------|-----------------------------|-----------|----------------------|------------------------------------
proba80       |     5    6    3    0    1    1 |    5    6 |     480082     481506 |     657420     655561     655802
proba50       |    11   12    9    0    1    1 |   11   12 |    1052474    1055434 |    1049969    1048201    1048445
proba14       |    11   48   14    8    1    0 |   -9    8 |    2213069    2213213 |    2208174    2206777    2207023
proba02       |    11  255   17   14    0    3 | -200    7 |    3735915 2305843009217408475 |    3729352    3729433    3729686
bell_s10      |    11  256   10    8    0    1 | -225    4 |    2978344 2305843009216647672 |    3002856    2863870    2864118
bell_s30      |    11  256   14   12    0    1 | -213    4 |    3723707 2305843009217394379 |    3719045    3686052    3686295
bell_s80      |     9  256    3    4    0    0 | -245    0 |    4173715 2305843009217840227 |    4173976          0          0
uniform       |     8  256    0    1    0    0 | -254    0 |    4194560 2305843009217860064 |    4196096          0          0
english       |    10   30    8    3    1    3 |   -2   10 |    2231794    2233010 |    2229104    2227841    2228088
zipfian       |    10  256   12    9    1    3 | -214    8 |    3285259 2305843009216956395 |    3280625    3280325    3280574
sparse_4      |     2    4    0    1    0    0 |   -2    0 |    1048832 2305843009214742560 |    1050368    1048704    1048992
sparse_16     |     4   16    0    1    0    0 |  -14    0 |    2097408 2305843009215789792 |    2098944    2097472    2097760
geometric     |    11  256    8    6    1    0 | -231    4 |    1222761 2305843009214891417 |    1378918    1051741    1051987
two_sym_eq    |     1    2    0    0    1    0 |    1    2 |     524672     525072 |     526080     524384     524672
two_sym_90/10 |     1    2    0    0    1    0 |    1    2 |     250670     251070 |     526080     524384     524672
flat_M3       |     3    8    0    1    0    0 |   -6    0 |    1573120 2305843009215266400 |    1574656    1573056    1573344
flat_M5       |     5   32    0    1    0    0 |  -30    0 |    2621696 2305843009216312288 |    2623232    2622016    2622304
flat_M6       |     6   64    0    1    0    0 |  -62    0 |    3145984 2305843009216832992 |    3147520    3146816    3147104
flat_M7       |     7  128    0    1    0    0 | -126    0 |    3670272 2305843009217350112 |    3671808    3672128    3672416
html_wiki     |    11  197   17    9    0    4 | -145   13 |    2951171 2305843009216630755 |    2955147    2848634    2848874
prose_pride   |    11   96   14    4    1    4 |  -53   16 |    2420147 2305843009216110467 |    2416387    2399048    2399291
image_jpeg    |    10  256    7    6    1    1 | -231    4 |    4152869 2305843009217821525 |    4152955          0          0
json_api      |    11   98   16    9    1    5 |  -44   14 |    2755648 2305843009216446688 |    2749251    2740154    2740398
source_c      |    11   97   17   10    1    4 |  -42   13 |    2623447 2305843009216314567 |    2616893    2610366    2610609
log_apache    |    11   85   17    9    0    4 |  -33   13 |    2909944 2305843009216602072 |    2903340    2898723    2898970
dna_fasta     |    10   38    8    4    1    0 |  -15    6 |    1094167 2305843009214787303 |    1189545    1182529    1182775
csv_numeric   |    11   54   13    5    1    4 |  -12   14 |    1703727    1704399 |    1756999    1729321    1729566
gzip_random   |     8  256    0    1    0    0 | -254    0 |    4194560 2305843009217860064 |    4196096          0          0
chinese_text  |    11  151   14    7    1    2 | -109   11 |    3130055 2305843009216813383 |    3136050    3058779    3059024
calgary_pic   |    11  159    9    4    1    4 | -126   11 |     588576 2305843009214270000 |     885064     871158     871400
  Dmax=max Huffman code length; Lvs=# leaves; Ful/Flt/Hal/B2L=internal-node-type counts
  vIN/vLv = flat-aware VISIBLE internals/leaves (excludes nodes buried inside flat subtrees)
  +hdr_est = pivco_raw + (vIN*7 + vLv*9) * NBLOCKS/8 bits per-block table-encoding overhead
  Lower = better.  Original size = 4194304 bytes (4MB).

  5 runs of 80M symbols each (20x 4M), drop 2 slowest, warn if spread > 5%
  PIVCO/trad decode in 32768-symbol blocks
  huf0 uses 128KB chunks (its max block size)
  CPU freq drift: +0.1% (OK)
  Total wall time: 179.9 seconds
