  WARNING: flat_M3/huf0_1s spread 28.9% (881..1240)
=== PIVCO-Huffman Benchmarks (PIVCO_MAX_CODE_LEN=11) ===
Sequence: 4M, Repeats: 20 (80M/run), Block: 16384, Runs: 5 (drop 2)
Distribution set: ALL (29 distributions)

DECODE M/s    | pivco_s pivco_n pivco_bu | trad_1s trad_4s | huf0_1s huf0_x1 huf0_x2 |   ratio
--------------|-------------------------|-----------------|----------------------------|--------
proba80       |     721    7589    7580       0 |     568    1743 |     392    1501    2857 |  2.66x
proba50       |     222   17067   17060       0 |     529    1662 |     391    1489    2797 |  6.10x
proba14       |     443    8797    8833       0 |     470    1656 |     391    1488    2734 |  3.23x
proba02       |     591    7659    7700       0 |     451    1658 |     390    1483    1633 |  4.64x
bell_s10      |     796    8040    8048       0 |     451    1648 |     388    1475    2480 |  3.25x
bell_s30      |     569    7619    7655       0 |     451    1652 |     390    1480    1535 |  4.63x
bell_s80      |     839    9884    9863       0 |     480    1711 |       0       0       0 |  5.78x
uniform       |    2450   15255   15238       0 |    1630    1711 |       0       0       0 |  8.92x
english       |     749   10594   10617       0 |     475    1697 |     390    1493    2706 |  3.92x
zipfian       |     440    7538    7566       0 |     428    1692 |     390    1485    1970 |  3.84x
sparse_4      |    2449   54971   54225       0 |    2699    1729 |    1199    3580    5474 | 10.04x
sparse_16     |    2457   53329   53431       0 |    2168    1729 |    1203    3351    5036 | 10.61x
geometric     |     238    7517    7497       0 |     500    1667 |     391    1493    2780 |  2.70x
two_sym_eq    |    3093   53329   53261       0 |    3010    1731 |     872    3587    5521 |  9.66x
two_sym_90/10 |    2611   12594   12455       0 |    3000    1732 |     882    3576    5276 |  2.39x
flat_M3       |    2294   36252   36236       0 |    2435    1696 |     994    3594    5536 |  6.55x
flat_M5       |    2157   35910   36252       0 |    1977    1690 |     880    3604    5315 |  6.82x
flat_M6       |    2161   28388   28758       0 |    1845    1724 |    1176    3528    4677 |  6.15x
flat_M7       |    2036   18645   19013       0 |    1690    1717 |     880    3577    2811 |  5.32x
html_wiki     |     527    6659    6643       0 |     454    1662 |     388    1485    2287 |  2.91x
prose_pride   |     482    7915    7814       0 |     461    1626 |     388    1451    2583 |  3.06x
image_jpeg    |     761    8427    8422       0 |     474    1682 |       0       0       0 |  5.01x
json_api      |     538    7374    7421       0 |     479    1623 |     390    1482    2375 |  3.13x
source_c      |     519    8297    8362       0 |     437    1650 |     389    1486    2317 |  3.61x
log_apache    |     547    7419    7380       0 |     473    1659 |     389    1494    2387 |  3.11x
dna_fasta     |     569    8942    8841       0 |     542    1691 |     391    1484    2803 |  3.19x
csv_numeric   |     704    5401    5419       0 |     490    1665 |     390    1487    2558 |  2.12x
gzip_random   |    2457   15252   15238       0 |    1628    1683 |       0       0       0 |  9.06x
chinese_text  |     511    6751    7040       0 |     458    1642 |     391    1477    2270 |  3.10x
calgary_pic   |    1884    5585    5551       0 |     640    1757 |     436    1475    2445 |  2.28x

=== Compression sizes (bytes for 4M input) ===
DIST          |  Dmax  Lvs  Ful  Flt  Hal  B2L |  vIN  vLv |  pivco_raw   +hdr_est |    trad_4s    huf0_1s    huf0_x2
--------------|-----------------------------|-----------|----------------------|------------------------------------
proba80       |     5    6    3    0    1    1 |    5    6 |     484753     487601 |     659453     655561     655802
proba50       |    11   12    9    0    1    1 |   11   12 |    1057537    1063457 |    1052014    1048201    1048445
proba14       |    11   48   14    8    1    0 |   -9    8 |    2220081    2220369 |    2210207    2206777    2207023
proba02       |    11  255   17   14    0    3 | -200    7 |    3745119 2305843009217396287 |    3731348    3729433    3729686
bell_s10      |    11  256   10    8    0    1 | -225    4 |    2984714 2305843009216629418 |    3004872    2863870    2864118
bell_s30      |    11  256   14   12    0    1 | -213    4 |    3731184 2305843009217378576 |    3721066    3686052    3686295
bell_s80      |     9  256    3    4    0    0 | -245    0 |    4175454 2305843009217814526 |    4175993          0          0
uniform       |     8  256    0    1    0    0 | -254    0 |    4194816 2305843009217831872 |    4197888          0          0
english       |    10   30    8    3    1    3 |   -2   10 |    2236347    2238779 |    2231128    2227841    2228088
zipfian       |    10  256   12    9    1    3 | -214    8 |    3292424 2305843009216940744 |    3282650    3280325    3280574
sparse_4      |     2    4    0    1    0    0 |   -2    0 |    1049088 2305843009214742592 |    1052160    1048704    1048992
sparse_16     |     4   16    0    1    0    0 |  -14    0 |    2097664 2305843009215788480 |    2100736    2097472    2097760
geometric     |    11  256    8    6    1    0 | -231    4 |    1230187 2305843009214873547 |    1380933    1051741    1051987
two_sym_eq    |     1    2    0    0    1    0 |    1    2 |     525056     525856 |     527872     524384     524672
two_sym_90/10 |     1    2    0    0    1    0 |    1    2 |     252357     253157 |     527872     524384     524672
flat_M3       |     3    8    0    1    0    0 |   -6    0 |    1573376 2305843009215265984 |    1576448    1573056    1573344
flat_M5       |     5   32    0    1    0    0 |  -30    0 |    2621952 2305843009216309184 |    2625024    2622016    2622304
flat_M6       |     6   64    0    1    0    0 |  -62    0 |    3146240 2305843009216826304 |    3149312    3146816    3147104
flat_M7       |     7  128    0    1    0    0 | -126    0 |    3670528 2305843009217336256 |    3673600    3672128    3672416
html_wiki     |    11  197   17    9    0    4 | -145   13 |    2961365 2305843009216626581 |    2957170    2848634    2848874
prose_pride   |    11   96   14    4    1    4 |  -53   16 |    2426919 2305843009216113607 |    2418403    2399048    2399291
image_jpeg    |    10  256    7    6    1    1 | -231    4 |    4151227 2305843009217794587 |    4154985          0          0
json_api      |    11   98   16    9    1    5 |  -44   14 |    2764881 2305843009216453009 |    2751266    2740154    2740398
source_c      |    11   97   17   10    1    4 |  -42   13 |    2632737 2305843009216321025 |    2618879    2610366    2610609
log_apache    |    11   85   17    9    0    4 |  -33   13 |    2918802 2305843009216609106 |    2905349    2898723    2898970
dna_fasta     |    10   38    8    4    1    0 |  -15    6 |    1103411 2305843009214795731 |    1191563    1182529    1182775
csv_numeric   |    11   54   13    5    1    4 |  -12   14 |    1681359    1682703 |    1759009    1729321    1729566
gzip_random   |     8  256    0    1    0    0 | -254    0 |    4194816 2305843009217831872 |    4197888          0          0
chinese_text  |    11  151   14    7    1    2 | -109   11 |    3137169 2305843009216809873 |    3138048    3058779    3059024
calgary_pic   |    11  159    9    4    1    4 | -126   11 |     591079 2305843009214259975 |     887046     871158     871400
  Dmax=max Huffman code length; Lvs=# leaves; Ful/Flt/Hal/B2L=internal-node-type counts
  vIN/vLv = flat-aware VISIBLE internals/leaves (excludes nodes buried inside flat subtrees)
  +hdr_est = pivco_raw + (vIN*7 + vLv*9) * NBLOCKS/8 bits per-block table-encoding overhead
  Lower = better.  Original size = 4194304 bytes (4MB).

  5 runs of 80M symbols each (20x 4M), drop 2 slowest, warn if spread > 5%
  PIVCO/trad decode in 16384-symbol blocks
  huf0 uses 128KB chunks (its max block size)
  CPU freq drift: +5.4% (OK)
  Total wall time: 84.3 seconds
