  WARNING: bell_s10/pivco_n spread 6.0% (8121..8636)
  WARNING: flat_M3/huf0_1s spread 36.4% (883..1389)
=== PIVCO-Huffman Benchmarks (PIVCO_MAX_CODE_LEN=11) ===
Sequence: 4M, Repeats: 20 (80M/run), Block: 16384, Runs: 5 (drop 2)
Distribution set: ALL (29 distributions)

DECODE M/s    | pivco_s pivco_n pivco_bu | trad_1s trad_4s | huf0_1s huf0_x1 huf0_x2 |   ratio
--------------|-------------------------|-----------------|----------------------------|--------
proba80       |     718    7711    7683       0 |     568    1753 |     392    1511    2927 |  2.63x
proba50       |     222   17307   17524       0 |     529    1665 |     391    1503    2827 |  6.20x
proba14       |     445    8897    8946       0 |     470    1708 |     391    1515    2828 |  3.16x
proba02       |     617    8155    8210       0 |     451    1741 |     390    1500    1682 |  4.72x
bell_s10      |     839    8601    8628       0 |     451    1744 |     388    1502    2598 |  3.32x
bell_s30      |     593    7720    7991       0 |     451    1697 |     390    1501    1591 |  4.71x
bell_s80      |     867   10584   10504       0 |     480    1789 |       0       0       0 |  5.92x
uniform       |    2500   15378   15249       0 |    1663    1808 |       0       0       0 |  8.50x
english       |     774   11207   11224       0 |     475    1761 |     390    1509    2786 |  4.03x
zipfian       |     458    7666    7644       0 |     430    1750 |     390    1501    2029 |  3.78x
sparse_4      |    2518   55007   55080       0 |    2737    1752 |    1203    3686    5610 |  9.82x
sparse_16     |    2516   55297   55297       0 |    2226    1753 |    1196    3435    5151 | 10.74x
geometric     |     238    7585    7576       0 |     500    1710 |     391    1508    2872 |  2.64x
two_sym_eq    |    3167   54050   54085       0 |    3108    1795 |     905    3671    5651 |  9.57x
two_sym_90/10 |    2643   12860   12811       0 |    3035    1802 |     901    3677    5429 |  2.37x
flat_M3       |    2334   37787   37855       0 |    2463    1783 |    1167    3687    5699 |  6.64x
flat_M5       |    2199   37533   37250       0 |    2011    1782 |     876    3708    5438 |  6.90x
flat_M6       |    2184   29321   29465       0 |    1861    1779 |    1179    3575    4742 |  6.21x
flat_M7       |    2063   19618   19508       0 |    1754    1763 |     880    3650    2857 |  5.37x
html_wiki     |     536    6995    7016       0 |     454    1688 |     388    1502    2318 |  3.03x
prose_pride   |     495    8170    8142       0 |     461    1684 |     388    1500    2649 |  3.08x
image_jpeg    |     773    8377    8339       0 |     475    1761 |       0       0       0 |  4.76x
json_api      |     558    7399    7362       0 |     478    1715 |     389    1507    2436 |  3.04x
source_c      |     532    8417    8518       0 |     437    1671 |     389    1508    2398 |  3.55x
log_apache    |     558    7639    7709       0 |     474    1701 |     390    1510    2472 |  3.12x
dna_fasta     |     580    9024    8965       0 |     542    1724 |     390    1505    2928 |  3.08x
csv_numeric   |     715    5821    5834       0 |     490    1707 |     390    1503    2626 |  2.22x
gzip_random   |    2471   15409   15255       0 |    1670    1758 |       0       0       0 |  8.77x
chinese_text  |     523    7116    7143       0 |     459    1683 |     390    1500    2345 |  3.05x
calgary_pic   |    1933    5742    5735       0 |     639    1798 |     437    1503    2500 |  2.30x

=== Compression sizes (bytes for 4M input) ===
DIST          |  Dmax  Lvs  Ful  Flt  Hal  B2L |  vIN  vLv |  pivco_raw   +hdr_est |    trad_4s    huf0_1s    huf0_x2
--------------|-----------------------------|-----------|----------------------|------------------------------------
proba80       |     5    6    3    0    1    1 |    5    6 |     484753     487601 |     659453     655561     655802
proba50       |    11   12    9    0    1    1 |   11   12 |    1057537    1063457 |    1052014    1048201    1048445
proba14       |    11   48   14    8    1    0 |   -9    8 |    2220081    2220369 |    2210207    2206777    2207023
proba02       |    11  255   17   14    0    3 | -200    7 |    3745119 2305843009217396287 |    3731348    3729433    3729686
bell_s10      |    11  256   10    8    0    1 | -225    4 |    2984714 2305843009216629418 |    3004872    2863870    2864118
bell_s30      |    11  256   14   12    0    1 | -213    4 |    3731184 2305843009217378576 |    3721066    3686052    3686295
bell_s80      |     9  256    3    4    0    0 | -245    0 |    4175454 2305843009217814526 |    4175993          0          0
uniform       |     8  256    0    1    0    0 | -254    0 |    4194816 2305843009217831872 |    4197888          0          0
english       |    10   30    8    3    1    3 |   -2   10 |    2236347    2238779 |    2231128    2227841    2228088
zipfian       |    10  256   12    9    1    3 | -214    8 |    3292424 2305843009216940744 |    3282650    3280325    3280574
sparse_4      |     2    4    0    1    0    0 |   -2    0 |    1049088 2305843009214742592 |    1052160    1048704    1048992
sparse_16     |     4   16    0    1    0    0 |  -14    0 |    2097664 2305843009215788480 |    2100736    2097472    2097760
geometric     |    11  256    8    6    1    0 | -231    4 |    1230187 2305843009214873547 |    1380933    1051741    1051987
two_sym_eq    |     1    2    0    0    1    0 |    1    2 |     525056     525856 |     527872     524384     524672
two_sym_90/10 |     1    2    0    0    1    0 |    1    2 |     252357     253157 |     527872     524384     524672
flat_M3       |     3    8    0    1    0    0 |   -6    0 |    1573376 2305843009215265984 |    1576448    1573056    1573344
flat_M5       |     5   32    0    1    0    0 |  -30    0 |    2621952 2305843009216309184 |    2625024    2622016    2622304
flat_M6       |     6   64    0    1    0    0 |  -62    0 |    3146240 2305843009216826304 |    3149312    3146816    3147104
flat_M7       |     7  128    0    1    0    0 | -126    0 |    3670528 2305843009217336256 |    3673600    3672128    3672416
html_wiki     |    11  197   17    9    0    4 | -145   13 |    2961365 2305843009216626581 |    2957170    2848634    2848874
prose_pride   |    11   96   14    4    1    4 |  -53   16 |    2426919 2305843009216113607 |    2418403    2399048    2399291
image_jpeg    |    10  256    7    6    1    1 | -231    4 |    4151227 2305843009217794587 |    4154985          0          0
json_api      |    11   98   16    9    1    5 |  -44   14 |    2764881 2305843009216453009 |    2751266    2740154    2740398
source_c      |    11   97   17   10    1    4 |  -42   13 |    2632737 2305843009216321025 |    2618879    2610366    2610609
log_apache    |    11   85   17    9    0    4 |  -33   13 |    2918802 2305843009216609106 |    2905349    2898723    2898970
dna_fasta     |    10   38    8    4    1    0 |  -15    6 |    1103411 2305843009214795731 |    1191563    1182529    1182775
csv_numeric   |    11   54   13    5    1    4 |  -12   14 |    1681359    1682703 |    1759009    1729321    1729566
gzip_random   |     8  256    0    1    0    0 | -254    0 |    4194816 2305843009217831872 |    4197888          0          0
chinese_text  |    11  151   14    7    1    2 | -109   11 |    3137169 2305843009216809873 |    3138048    3058779    3059024
calgary_pic   |    11  159    9    4    1    4 | -126   11 |     591079 2305843009214259975 |     887046     871158     871400
  Dmax=max Huffman code length; Lvs=# leaves; Ful/Flt/Hal/B2L=internal-node-type counts
  vIN/vLv = flat-aware VISIBLE internals/leaves (excludes nodes buried inside flat subtrees)
  +hdr_est = pivco_raw + (vIN*7 + vLv*9) * NBLOCKS/8 bits per-block table-encoding overhead
  Lower = better.  Original size = 4194304 bytes (4MB).

  5 runs of 80M symbols each (20x 4M), drop 2 slowest, warn if spread > 5%
  PIVCO/trad decode in 16384-symbol blocks
  huf0 uses 128KB chunks (its max block size)
  CPU freq drift: +173.9% (OK)
  Total wall time: 698.6 seconds
