  WARNING: flat_M6/trad_4s spread 5.3% (1696..1790)
  WARNING: csv_numeric/pivco_n spread 6.8% (5625..6038)
=== PIVCO-Huffman Benchmarks (PIVCO_MAX_CODE_LEN=11) ===
Sequence: 4M, Repeats: 20 (80M/run), Block: 16384, Runs: 5 (drop 2)
Distribution set: ALL (29 distributions)

DECODE M/s    | pivco_s pivco_n pivco_bu | trad_1s trad_4s | huf0_1s huf0_x1 huf0_x2 |   ratio
--------------|-------------------------|-----------------|----------------------------|--------
proba80       |     716    8005    7974       0 |     568    1817 |     392    1510    2942 |  2.72x
proba50       |     222   18775   18992       0 |     529    1742 |     390    1509    2894 |  6.56x
proba14       |     460    9556    9601       0 |     470    1731 |     391    1515    2825 |  3.40x
proba02       |     609    8207    8227       0 |     451    1680 |     390    1501    1681 |  4.89x
bell_s10      |     824    8026    8009       0 |     451    1705 |     388    1502    2599 |  3.09x
bell_s30      |     577    8013    7959       0 |     451    1707 |     390    1501    1590 |  4.69x
bell_s80      |     855   10637   10466       0 |     480    1768 |       0       0       0 |  6.02x
uniform       |    2534   15238   15126       0 |    1664    1756 |       0       0       0 |  8.68x
english       |     766   11074   11057       0 |     476    1743 |     390    1509    2784 |  3.98x
zipfian       |     448    7964    7972       0 |     431    1691 |     390    1499    2029 |  3.93x
sparse_4      |    2519   54935   54971       0 |    2741    1760 |    1202    3601    5436 | 10.11x
sparse_16     |    2531   54225   55334       0 |    2218    1757 |    1200    3363    4824 | 11.47x
geometric     |     238    7989    7898       0 |     500    1695 |     391    1509    2875 |  2.78x
two_sym_eq    |    3167   54792   54792       0 |    3044    1754 |     871    3650    5624 |  9.74x
two_sym_90/10 |    2675   12817   12795       0 |    3043    1759 |     871    3653    5401 |  2.37x
flat_M3       |    2351   37533   37600       0 |    2478    1748 |     874    3671    5658 |  6.65x
flat_M5       |    2229   36744   36857       0 |    2021    1743 |     874    3651    5420 |  6.80x
flat_M6       |    2222   29198   29465       0 |    1929    1788 |    1120    3573    4752 |  6.20x
flat_M7       |    2112   19522   19527       0 |    1764    1792 |     870    3637    2872 |  5.37x
html_wiki     |     544    7051    7109       0 |     454    1707 |     388    1501    2343 |  3.03x
prose_pride   |     499    8263    8287       0 |     461    1706 |     389    1500    2658 |  3.12x
image_jpeg    |     773    8928    8890       0 |     475    1723 |       0       0       0 |  5.18x
json_api      |     552    7823    7683       0 |     479    1700 |     389    1506    2432 |  3.22x
source_c      |     525    8593    8661       0 |     437    1686 |     389    1495    2382 |  3.64x
log_apache    |     552    7749    7817       0 |     473    1677 |     389    1510    2408 |  3.25x
dna_fasta     |     584    9204    9183       0 |     542    1721 |     390    1507    2910 |  3.16x
csv_numeric   |     717    5657    5928       0 |     490    1694 |     390    1503    2615 |  2.27x
gzip_random   |    2480   15128   15128       0 |    1652    1738 |       0       0       0 |  8.71x
chinese_text  |     517    7181    7156       0 |     459    1667 |     391    1500    2308 |  3.11x
calgary_pic   |    1938    5668    5681       0 |     639    1769 |     437    1503    2483 |  2.29x

=== Compression sizes (bytes for 4M input) ===
DIST          |  Dmax  Lvs  Ful  Flt  Hal  B2L |  vIN  vLv |  pivco_raw   +hdr_est |    trad_4s    huf0_1s    huf0_x2
--------------|-----------------------------|-----------|----------------------|------------------------------------
proba80       |     5    6    3    0    1    1 |    5    6 |     484432     487280 |     659453     655561     655802
proba50       |    11   12    9    0    1    1 |   11   12 |    1056647    1062567 |    1052014    1048201    1048445
proba14       |    11   48   14    8    1    0 |   -9    8 |    2219326    2219614 |    2210207    2206777    2207023
proba02       |    11  255   17   14    0    3 | -200    7 |    3743855 2305843009217395023 |    3731348    3729433    3729686
bell_s10      |    11  256   10    8    0    1 | -225    4 |    2983434 2305843009216628138 |    3004872    2863870    2864118
bell_s30      |    11  256   14   12    0    1 | -213    4 |    3730416 2305843009217377808 |    3721066    3686052    3686295
bell_s80      |     9  256    3    4    0    0 | -245    0 |    4175454 2305843009217814526 |    4175993          0          0
uniform       |     8  256    0    1    0    0 | -254    0 |    4194816 2305843009217831872 |    4197888          0          0
english       |    10   30    8    3    1    3 |   -2   10 |    2236086    2238518 |    2231128    2227841    2228088
zipfian       |    10  256   12    9    1    3 | -214    8 |    3291656 2305843009216939976 |    3282650    3280325    3280574
sparse_4      |     2    4    0    1    0    0 |   -2    0 |    1049088 2305843009214742592 |    1052160    1048704    1048992
sparse_16     |     4   16    0    1    0    0 |  -14    0 |    2097664 2305843009215788480 |    2100736    2097472    2097760
geometric     |    11  256    8    6    1    0 | -231    4 |    1229931 2305843009214873291 |    1380933    1051741    1051987
two_sym_eq    |     1    2    0    0    1    0 |    1    2 |     525056     525856 |     527872     524384     524672
two_sym_90/10 |     1    2    0    0    1    0 |    1    2 |     252357     253157 |     527872     524384     524672
flat_M3       |     3    8    0    1    0    0 |   -6    0 |    1573376 2305843009215265984 |    1576448    1573056    1573344
flat_M5       |     5   32    0    1    0    0 |  -30    0 |    2621952 2305843009216309184 |    2625024    2622016    2622304
flat_M6       |     6   64    0    1    0    0 |  -62    0 |    3146240 2305843009216826304 |    3149312    3146816    3147104
flat_M7       |     7  128    0    1    0    0 | -126    0 |    3670528 2305843009217336256 |    3673600    3672128    3672416
html_wiki     |    11  197   17    9    0    4 | -145   13 |    2960199 2305843009216625415 |    2957170    2848634    2848874
prose_pride   |    11   96   14    4    1    4 |  -53   16 |    2426257 2305843009216112945 |    2418403    2399048    2399291
image_jpeg    |    10  256    7    6    1    1 | -231    4 |    4150881 2305843009217794241 |    4154985          0          0
json_api      |    11   98   16    9    1    5 |  -44   14 |    2763929 2305843009216452057 |    2751266    2740154    2740398
source_c      |    11   97   17   10    1    4 |  -42   13 |    2631210 2305843009216319498 |    2618879    2610366    2610609
log_apache    |    11   85   17    9    0    4 |  -33   13 |    2917804 2305843009216608108 |    2905349    2898723    2898970
dna_fasta     |    10   38    8    4    1    0 |  -15    6 |    1103119 2305843009214795439 |    1191563    1182529    1182775
csv_numeric   |    11   54   13    5    1    4 |  -12   14 |    1680258    1681602 |    1759009    1729321    1729566
gzip_random   |     8  256    0    1    0    0 | -254    0 |    4194816 2305843009217831872 |    4197888          0          0
chinese_text  |    11  151   14    7    1    2 | -109   11 |    3136924 2305843009216809628 |    3138048    3058779    3059024
calgary_pic   |    11  159    9    4    1    4 | -126   11 |     590198 2305843009214259094 |     887046     871158     871400
  Dmax=max Huffman code length; Lvs=# leaves; Ful/Flt/Hal/B2L=internal-node-type counts
  vIN/vLv = flat-aware VISIBLE internals/leaves (excludes nodes buried inside flat subtrees)
  +hdr_est = pivco_raw + (vIN*7 + vLv*9) * NBLOCKS/8 bits per-block table-encoding overhead
  Lower = better.  Original size = 4194304 bytes (4MB).

  5 runs of 80M symbols each (20x 4M), drop 2 slowest, warn if spread > 5%
  PIVCO/trad decode in 16384-symbol blocks
  huf0 uses 128KB chunks (its max block size)
  CPU freq drift: +194.1% (OK)
  Total wall time: 140.9 seconds
