  WARNING: two_sym_eq/huf0_4s spread 8.1% (831..905)
=== PIVCO-Huffman Benchmarks (PIVCO_MAX_CODE_LEN=11) ===
Sequence: 4M, Repeats: 20 (80M/run), Block: 32768, Runs: 5 (drop 2)
Distribution set: ALL (29 distributions)

DECODE M/s    | pivco_s pivco_n pivco_bu | trad_1s trad_4s | huf0_1s huf0_x1 huf0_x2 |   ratio
--------------|-------------------------|-----------------|----------------------------|--------
proba80       |     225    4070    4076       0 |     389     714 |     263     924    1535 |  2.66x
proba50       |      95   11868   11880       0 |     350     695 |     263     926    1536 |  7.73x
proba14       |      60    6202    6217       0 |     301     695 |     263     927    1485 |  4.19x
proba02       |      61    5137    5134       0 |     289     694 |     262     915     883 |  5.62x
bell_s10      |      97    5657    5652       0 |     286     694 |     262     915    1368 |  4.13x
bell_s30      |      60    5355    5370       0 |     290     694 |     262     915     836 |  5.87x
bell_s80      |     105    7828    7838       0 |     321     708 |       0       0       0 | 11.07x
uniform       |    1251   11571   11572       0 |     359     710 |       0       0       0 | 16.30x
english       |      76    7676    7696       0 |     307     705 |     263     923    1496 |  5.15x
zipfian       |      55    5569    5575       0 |     269     703 |     262     915    1074 |  5.19x
sparse_4      |    1258   18736   18708       0 |     418     715 |     263     926    1550 | 12.09x
sparse_16     |    1255   16129   16107       0 |     397     714 |     263     928    1538 | 10.49x
geometric     |      97    4911    4913       0 |     323     694 |     263     926    1530 |  3.21x
two_sym_eq    |     194   22301   22249       0 |     430     715 |     263     857    1546 | 14.42x
two_sym_90/10 |     492    6366    6374       0 |     430     715 |     263     919    1531 |  4.16x
flat_M3       |    1149   17668   17671       0 |     408     715 |     263     928    1545 | 11.44x
flat_M5       |     938   14761   14731       0 |     386     714 |     263     928    1513 |  9.75x
flat_M6       |     860   14063   14012       0 |     376     713 |     263     926    1414 |  9.94x
flat_M7       |    1047   12730   12754       0 |     368     712 |     263     924     786 | 13.81x
html_wiki     |      86    4436    4453       0 |     285     694 |     262     918    1244 |  3.58x
prose_pride   |      58    5663    5674       0 |     293     694 |     262     918    1398 |  4.06x
image_jpeg    |      93    6767    6776       0 |     314     703 |       0       0       0 |  9.64x
json_api      |     101    5265    5278       0 |     289     694 |     262     920    1291 |  4.09x
source_c      |      78    6053    6050       0 |     271     695 |     262     920    1266 |  4.78x
log_apache    |      98    5253    5278       0 |     299     695 |     262     922    1303 |  4.05x
dna_fasta     |      95    5222    5237       0 |     363     705 |     263     923    1532 |  3.42x
csv_numeric   |     157    3985    3977       0 |     315     695 |     263     922    1384 |  2.88x
gzip_random   |    1253   12188   12205       0 |     359     710 |       0       0       0 | 17.18x
chinese_text  |      68    4749    4737       0 |     293     695 |     262     917    1245 |  3.81x
calgary_pic   |     309    3715    3709       0 |     378     695 |     262     909    1343 |  2.77x

=== Compression sizes (bytes for 4M input) ===
DIST          |  Dmax  Lvs  Ful  Flt  Hal  B2L |  vIN  vLv |  pivco_raw   +hdr_est |    trad_4s    huf0_1s    huf0_x2
--------------|-----------------------------|-----------|----------------------|------------------------------------
proba80       |     5    6    3    0    1    1 |    5    6 |     480210     481634 |     657420     655561     655802
proba50       |    11   12    9    0    1    1 |   11   12 |    1052733    1055693 |    1049969    1048201    1048445
proba14       |    11   48   14    8    1    0 |   -9    8 |    2213135    2213279 |    2208174    2206777    2207023
proba02       |    11  255   17   14    0    3 | -200    7 |    3736226 2305843009217408786 |    3729352    3729433    3729686
bell_s10      |    11  256   10    8    0    1 | -225    4 |    2978472 2305843009216647800 |    3002856    2863870    2864118
bell_s30      |    11  256   14   12    0    1 | -213    4 |    3724089 2305843009217394761 |    3719045    3686052    3686295
bell_s80      |     9  256    3    4    0    0 | -245    0 |    4173715 2305843009217840227 |    4173976          0          0
uniform       |     8  256    0    1    0    0 | -254    0 |    4194560 2305843009217860064 |    4196096          0          0
english       |    10   30    8    3    1    3 |   -2   10 |    2231728    2232944 |    2229104    2227841    2228088
zipfian       |    10  256   12    9    1    3 | -214    8 |    3285515 2305843009216956651 |    3280625    3280325    3280574
sparse_4      |     2    4    0    1    0    0 |   -2    0 |    1048832 2305843009214742560 |    1050368    1048704    1048992
sparse_16     |     4   16    0    1    0    0 |  -14    0 |    2097408 2305843009215789792 |    2098944    2097472    2097760
geometric     |    11  256    8    6    1    0 | -231    4 |    1222818 2305843009214891474 |    1378918    1051741    1051987
two_sym_eq    |     1    2    0    0    1    0 |    1    2 |     524672     525072 |     526080     524384     524672
two_sym_90/10 |     1    2    0    0    1    0 |    1    2 |     250670     251070 |     526080     524384     524672
flat_M3       |     3    8    0    1    0    0 |   -6    0 |    1573120 2305843009215266400 |    1574656    1573056    1573344
flat_M5       |     5   32    0    1    0    0 |  -30    0 |    2621696 2305843009216312288 |    2623232    2622016    2622304
flat_M6       |     6   64    0    1    0    0 |  -62    0 |    3145984 2305843009216832992 |    3147520    3146816    3147104
flat_M7       |     7  128    0    1    0    0 | -126    0 |    3670272 2305843009217350112 |    3671808    3672128    3672416
html_wiki     |    11  197   17    9    0    4 | -145   13 |    2951465 2305843009216631049 |    2955147    2848634    2848874
prose_pride   |    11   96   14    4    1    4 |  -53   16 |    2420281 2305843009216110601 |    2416387    2399048    2399291
image_jpeg    |    10  256    7    6    1    1 | -231    4 |    4152874 2305843009217821530 |    4152955          0          0
json_api      |    11   98   16    9    1    5 |  -44   14 |    2755917 2305843009216446957 |    2749251    2740154    2740398
source_c      |    11   97   17   10    1    4 |  -42   13 |    2623847 2305843009216314967 |    2616893    2610366    2610609
log_apache    |    11   85   17    9    0    4 |  -33   13 |    2910148 2305843009216602276 |    2903340    2898723    2898970
dna_fasta     |    10   38    8    4    1    0 |  -15    6 |    1094306 2305843009214787442 |    1189545    1182529    1182775
csv_numeric   |    11   54   13    5    1    4 |  -12   14 |    1704063    1704735 |    1756999    1729321    1729566
gzip_random   |     8  256    0    1    0    0 | -254    0 |    4194560 2305843009217860064 |    4196096          0          0
chinese_text  |    11  151   14    7    1    2 | -109   11 |    3130001 2305843009216813329 |    3136050    3058779    3059024
calgary_pic   |    11  159    9    4    1    4 | -126   11 |     588878 2305843009214270302 |     885064     871158     871400
  Dmax=max Huffman code length; Lvs=# leaves; Ful/Flt/Hal/B2L=internal-node-type counts
  vIN/vLv = flat-aware VISIBLE internals/leaves (excludes nodes buried inside flat subtrees)
  +hdr_est = pivco_raw + (vIN*7 + vLv*9) * NBLOCKS/8 bits per-block table-encoding overhead
  Lower = better.  Original size = 4194304 bytes (4MB).

  5 runs of 80M symbols each (20x 4M), drop 2 slowest, warn if spread > 5%
  PIVCO/trad decode in 32768-symbol blocks
  huf0 uses 128KB chunks (its max block size)
  CPU freq drift: +0.1% (OK)
  Total wall time: 233.9 seconds
