  WARNING: proba80/trad_1s spread 33.0% (380..567)
  WARNING: proba02/trad_1s spread 7.9% (389..422)
  WARNING: proba02/trad_4s spread 25.4% (1205..1617)
  WARNING: proba02/huf0_4s spread 13.6% (1272..1472)
  WARNING: bell_s10/trad_4s spread 8.9% (1505..1653)
  WARNING: geometric/pivco_s spread 8.4% (216..236)
=== PIVCO-Huffman Benchmarks (PIVCO_MAX_CODE_LEN=11) ===
Sequence: 4M, Repeats: 20 (80M/run), Block: 16384, Runs: 5 (drop 2)
Distribution set: ALL (29 distributions)

DECODE M/s    | pivco_s pivco_n pivco_bu | trad_1s trad_4s | huf0_1s huf0_x1 huf0_x2 |   ratio
--------------|-------------------------|-----------------|----------------------------|--------
proba80       |     716    7715    7659       0 |     397    1754 |     392    1501    2897 |  2.66x
proba50       |     221   18473   18800       0 |     528    1684 |     385    1486    2882 |  6.52x
proba14       |     441    9289    9358       0 |     470    1666 |     391    1503    2736 |  3.42x
proba02       |     592    8098    8133       0 |     404    1317 |     389    1313    1633 |  4.98x
bell_s10      |     803    7941    7938       0 |     450    1650 |     388    1491    2528 |  3.14x
bell_s30      |     571    7846    7789       0 |     451    1667 |     390    1492    1552 |  4.71x
bell_s80      |     837   10481   10460       0 |     479    1713 |       0       0       0 |  6.12x
uniform       |    2494   15047   15077       0 |    1644    1721 |       0       0       0 |  8.76x
english       |     746   10941   10913       0 |     475    1705 |     389    1505    2747 |  3.98x
zipfian       |     444    7810    7863       0 |     430    1701 |     390    1472    2001 |  3.93x
sparse_4      |    2490   54863   54720       0 |    2712    1738 |    1203    3624    5515 |  9.95x
sparse_16     |    2487   52958   53808       0 |    2158    1716 |    1197    3357    5057 | 10.64x
geometric     |     219    7777    7766       0 |     500    1673 |     390    1508    2827 |  2.75x
two_sym_eq    |    3137   54542   54436       0 |    2989    1733 |     870    3606    5475 |  9.96x
two_sym_90/10 |    2643   12343   12913       0 |    3027    1737 |     872    3569    5263 |  2.45x
flat_M3       |    2103   37567   37118       0 |    2459    1733 |     875    3581    5518 |  6.81x
flat_M5       |    2230   36680   36330       0 |    2001    1726 |     872    3588    5384 |  6.81x
flat_M6       |    2232   28669   29198       0 |    1863    1721 |    1132    3501    4796 |  6.09x
flat_M7       |    2066   19262   19135       0 |    1721    1723 |     869    3613    2854 |  5.33x
html_wiki     |     529    7016    7009       0 |     454    1659 |     388    1486    2273 |  3.09x
prose_pride   |     486    7984    8029       0 |     461    1661 |     389    1485    2598 |  3.09x
image_jpeg    |     756    8590    8569       0 |     474    1673 |       0       0       0 |  5.13x
json_api      |     541    7746    7675       0 |     479    1662 |     389    1491    2390 |  3.24x
source_c      |     519    8497    8557       0 |     437    1664 |     389    1507    2358 |  3.63x
log_apache    |     546    7714    7765       0 |     473    1659 |     389    1495    2373 |  3.27x
dna_fasta     |     578    8935    8898       0 |     542    1704 |     390    1508    2873 |  3.11x
csv_numeric   |     699    5760    5676       0 |     490    1664 |     390    1491    2539 |  2.27x
gzip_random   |    2494   15211   15120       0 |    1641    1723 |       0       0       0 |  8.83x
chinese_text  |     512    7194    7092       0 |     459    1633 |     391    1478    2310 |  3.11x
calgary_pic   |    1939    5810    5847       0 |     639    1769 |     436    1478    2494 |  2.34x

=== Compression sizes (bytes for 4M input) ===
DIST          |  Dmax  Lvs  Ful  Flt  Hal  B2L |  vIN  vLv |  pivco_raw   +hdr_est |    trad_4s    huf0_1s    huf0_x2
--------------|-----------------------------|-----------|----------------------|------------------------------------
proba80       |     5    6    3    0    1    1 |    5    6 |     484432     487280 |     659453     655561     655802
proba50       |    11   12    9    0    1    1 |   11   12 |    1056647    1062567 |    1052014    1048201    1048445
proba14       |    11   48   14    8    1    0 |   -9    8 |    2219326    2219614 |    2210207    2206777    2207023
proba02       |    11  255   17   14    0    3 | -200    7 |    3743855 2305843009217395023 |    3731348    3729433    3729686
bell_s10      |    11  256   10    8    0    1 | -225    4 |    2983434 2305843009216628138 |    3004872    2863870    2864118
bell_s30      |    11  256   14   12    0    1 | -213    4 |    3730416 2305843009217377808 |    3721066    3686052    3686295
bell_s80      |     9  256    3    4    0    0 | -245    0 |    4175454 2305843009217814526 |    4175993          0          0
uniform       |     8  256    0    1    0    0 | -254    0 |    4194816 2305843009217831872 |    4197888          0          0
english       |    10   30    8    3    1    3 |   -2   10 |    2236086    2238518 |    2231128    2227841    2228088
zipfian       |    10  256   12    9    1    3 | -214    8 |    3291656 2305843009216939976 |    3282650    3280325    3280574
sparse_4      |     2    4    0    1    0    0 |   -2    0 |    1049088 2305843009214742592 |    1052160    1048704    1048992
sparse_16     |     4   16    0    1    0    0 |  -14    0 |    2097664 2305843009215788480 |    2100736    2097472    2097760
geometric     |    11  256    8    6    1    0 | -231    4 |    1229931 2305843009214873291 |    1380933    1051741    1051987
two_sym_eq    |     1    2    0    0    1    0 |    1    2 |     525056     525856 |     527872     524384     524672
two_sym_90/10 |     1    2    0    0    1    0 |    1    2 |     252357     253157 |     527872     524384     524672
flat_M3       |     3    8    0    1    0    0 |   -6    0 |    1573376 2305843009215265984 |    1576448    1573056    1573344
flat_M5       |     5   32    0    1    0    0 |  -30    0 |    2621952 2305843009216309184 |    2625024    2622016    2622304
flat_M6       |     6   64    0    1    0    0 |  -62    0 |    3146240 2305843009216826304 |    3149312    3146816    3147104
flat_M7       |     7  128    0    1    0    0 | -126    0 |    3670528 2305843009217336256 |    3673600    3672128    3672416
html_wiki     |    11  197   17    9    0    4 | -145   13 |    2960199 2305843009216625415 |    2957170    2848634    2848874
prose_pride   |    11   96   14    4    1    4 |  -53   16 |    2426257 2305843009216112945 |    2418403    2399048    2399291
image_jpeg    |    10  256    7    6    1    1 | -231    4 |    4150881 2305843009217794241 |    4154985          0          0
json_api      |    11   98   16    9    1    5 |  -44   14 |    2763929 2305843009216452057 |    2751266    2740154    2740398
source_c      |    11   97   17   10    1    4 |  -42   13 |    2631210 2305843009216319498 |    2618879    2610366    2610609
log_apache    |    11   85   17    9    0    4 |  -33   13 |    2917804 2305843009216608108 |    2905349    2898723    2898970
dna_fasta     |    10   38    8    4    1    0 |  -15    6 |    1103119 2305843009214795439 |    1191563    1182529    1182775
csv_numeric   |    11   54   13    5    1    4 |  -12   14 |    1680258    1681602 |    1759009    1729321    1729566
gzip_random   |     8  256    0    1    0    0 | -254    0 |    4194816 2305843009217831872 |    4197888          0          0
chinese_text  |    11  151   14    7    1    2 | -109   11 |    3136924 2305843009216809628 |    3138048    3058779    3059024
calgary_pic   |    11  159    9    4    1    4 | -126   11 |     590198 2305843009214259094 |     887046     871158     871400
  Dmax=max Huffman code length; Lvs=# leaves; Ful/Flt/Hal/B2L=internal-node-type counts
  vIN/vLv = flat-aware VISIBLE internals/leaves (excludes nodes buried inside flat subtrees)
  +hdr_est = pivco_raw + (vIN*7 + vLv*9) * NBLOCKS/8 bits per-block table-encoding overhead
  Lower = better.  Original size = 4194304 bytes (4MB).

  5 runs of 80M symbols each (20x 4M), drop 2 slowest, warn if spread > 5%
  PIVCO/trad decode in 16384-symbol blocks
  huf0 uses 128KB chunks (its max block size)
  WARNING: CPU freq dropped 26.0% (throttling?)
  Total wall time: 85.8 seconds
