=== PIVCO-Huffman Benchmarks (PIVCO_MAX_CODE_LEN=11) ===
Sequence: 4M, Repeats: 50 (200M/run), Block: 16384, Runs: 5 (drop 2)
Distribution set: ALL (29 distributions)

DECODE M/s    | pivco_s pivco_n pivco_bu | trad_1s trad_4s | huf0_1s huf0_x1 huf0_x2 |   ratio
--------------|-------------------------|-----------------|----------------------------|--------
proba80       |     508    4674    4632       0 |     392    1091 |     273    1051    2010 |  2.32x
proba50       |     161    9918   10129       0 |     356    1044 |     271    1050    2024 |  5.00x
proba14       |     235    5100    5107       0 |     311    1046 |     271    1055    1933 |  2.64x
proba02       |     271    4523    4537       0 |     294    1045 |     272    1045    1138 |  3.99x
bell_s10      |     370    5166    5164       0 |     296    1050 |     271    1046    1747 |  2.96x
bell_s30      |     261    4529    4532       0 |     294    1045 |     273    1049    1081 |  4.19x
bell_s80      |     399    6482    6500       0 |     314    1088 |       0       0       0 |  5.97x
uniform       |    1220   10403   10440       0 |     339    1092 |       0       0       0 |  9.56x
english       |     348    6425    6600       0 |     314    1071 |     273    1049    1938 |  3.40x
zipfian       |     226    4523    4595       0 |     282    1075 |     272    1043    1387 |  3.31x
sparse_4      |    1218   33907   34239       0 |     408    1093 |     273    1048    2032 | 16.85x
sparse_16     |    1214   34161   34295       0 |     382    1093 |     271    1049    2006 | 17.10x
geometric     |     167    4966    4954       0 |     342    1046 |     272    1048    2013 |  2.47x
two_sym_eq    |    1505   34784   34012       0 |     421    1098 |     274    1043    2009 | 17.32x
two_sym_90/10 |    1285    7701    7738       0 |     422    1087 |     273    1045    1993 |  3.88x
flat_M3       |    1165   24371   24428       0 |     393    1092 |     273    1053    2032 | 12.02x
flat_M5       |    1118   24247   24292       0 |     371    1097 |     272    1055    1960 | 12.40x
flat_M6       |    1128   20082   20500       0 |     358    1095 |     272    1053    1781 | 11.51x
flat_M7       |    1099   13086   13025       0 |     349    1088 |     270    1045    1018 | 12.03x
html_wiki     |     246    4009    4027       0 |     295    1045 |     269    1041    1590 |  2.53x
prose_pride   |     239    4684    4705       0 |     303    1042 |     270    1041    1812 |  2.60x
image_jpeg    |     356    5334    5338       0 |     311    1070 |       0       0       0 |  4.99x
json_api      |     250    4379    4359       0 |     299    1042 |     270    1048    1658 |  2.64x
source_c      |     255    4730    4750       0 |     289    1051 |     271    1046    1632 |  2.91x
log_apache    |     249    4366    4403       0 |     307    1047 |     272    1053    1665 |  2.64x
dna_fasta     |     328    5731    5700       0 |     371    1071 |     271    1048    1996 |  2.87x
csv_numeric   |     343    3596    3600       0 |     328    1043 |     270    1043    1808 |  1.99x
gzip_random   |    1215   10457   10426       0 |     337    1093 |       0       0       0 |  9.56x
chinese_text  |     244    4221    4229       0 |     299    1044 |     271    1044    1576 |  2.68x
calgary_pic   |     955    3685    3741       0 |     382    1047 |     271    1030    1744 |  2.14x

=== Compression sizes (bytes for 4M input) ===
DIST          |  Dmax  Lvs  Ful  Flt  Hal  B2L |  vIN  vLv |  pivco_raw   +hdr_est |    trad_4s    huf0_1s    huf0_x2
--------------|-----------------------------|-----------|----------------------|------------------------------------
proba80       |     5    6    3    0    1    1 |    5    6 |     484432     487280 |     659453     655561     655802
proba50       |    11   12    9    0    1    1 |   11   12 |    1056647    1062567 |    1052014    1048201    1048445
proba14       |    11   48   14    8    1    0 |   -9    8 |    2219326    2219614 |    2210207    2206777    2207023
proba02       |    11  255   17   14    0    3 | -200    7 |    3743855 2305843009217395023 |    3731348    3729433    3729686
bell_s10      |    11  256   10    8    0    1 | -225    4 |    2983434 2305843009216628138 |    3004872    2863870    2864118
bell_s30      |    11  256   14   12    0    1 | -213    4 |    3730416 2305843009217377808 |    3721066    3686052    3686295
bell_s80      |     9  256    3    4    0    0 | -245    0 |    4175454 2305843009217814526 |    4175993          0          0
uniform       |     8  256    0    1    0    0 | -254    0 |    4194816 2305843009217831872 |    4197888          0          0
english       |    10   30    8    3    1    3 |   -2   10 |    2236086    2238518 |    2231128    2227841    2228088
zipfian       |    10  256   12    9    1    3 | -214    8 |    3291656 2305843009216939976 |    3282650    3280325    3280574
sparse_4      |     2    4    0    1    0    0 |   -2    0 |    1049088 2305843009214742592 |    1052160    1048704    1048992
sparse_16     |     4   16    0    1    0    0 |  -14    0 |    2097664 2305843009215788480 |    2100736    2097472    2097760
geometric     |    11  256    8    6    1    0 | -231    4 |    1229931 2305843009214873291 |    1380933    1051741    1051987
two_sym_eq    |     1    2    0    0    1    0 |    1    2 |     525056     525856 |     527872     524384     524672
two_sym_90/10 |     1    2    0    0    1    0 |    1    2 |     252357     253157 |     527872     524384     524672
flat_M3       |     3    8    0    1    0    0 |   -6    0 |    1573376 2305843009215265984 |    1576448    1573056    1573344
flat_M5       |     5   32    0    1    0    0 |  -30    0 |    2621952 2305843009216309184 |    2625024    2622016    2622304
flat_M6       |     6   64    0    1    0    0 |  -62    0 |    3146240 2305843009216826304 |    3149312    3146816    3147104
flat_M7       |     7  128    0    1    0    0 | -126    0 |    3670528 2305843009217336256 |    3673600    3672128    3672416
html_wiki     |    11  197   17    9    0    4 | -145   13 |    2960199 2305843009216625415 |    2957170    2848634    2848874
prose_pride   |    11   96   14    4    1    4 |  -53   16 |    2426257 2305843009216112945 |    2418403    2399048    2399291
image_jpeg    |    10  256    7    6    1    1 | -231    4 |    4150881 2305843009217794241 |    4154985          0          0
json_api      |    11   98   16    9    1    5 |  -44   14 |    2763929 2305843009216452057 |    2751266    2740154    2740398
source_c      |    11   97   17   10    1    4 |  -42   13 |    2631210 2305843009216319498 |    2618879    2610366    2610609
log_apache    |    11   85   17    9    0    4 |  -33   13 |    2917804 2305843009216608108 |    2905349    2898723    2898970
dna_fasta     |    10   38    8    4    1    0 |  -15    6 |    1103119 2305843009214795439 |    1191563    1182529    1182775
csv_numeric   |    11   54   13    5    1    4 |  -12   14 |    1680258    1681602 |    1759009    1729321    1729566
gzip_random   |     8  256    0    1    0    0 | -254    0 |    4194816 2305843009217831872 |    4197888          0          0
chinese_text  |    11  151   14    7    1    2 | -109   11 |    3136924 2305843009216809628 |    3138048    3058779    3059024
calgary_pic   |    11  159    9    4    1    4 | -126   11 |     590198 2305843009214259094 |     887046     871158     871400
  Dmax=max Huffman code length; Lvs=# leaves; Ful/Flt/Hal/B2L=internal-node-type counts
  vIN/vLv = flat-aware VISIBLE internals/leaves (excludes nodes buried inside flat subtrees)
  +hdr_est = pivco_raw + (vIN*7 + vLv*9) * NBLOCKS/8 bits per-block table-encoding overhead
  Lower = better.  Original size = 4194304 bytes (4MB).

  5 runs of 200M symbols each (50x 4M), drop 2 slowest, warn if spread > 5%
  PIVCO/trad decode in 16384-symbol blocks
  huf0 uses 128KB chunks (its max block size)
  CPU freq drift: -0.7% (OK)
  Total wall time: 368.7 seconds
