  WARNING: proba80/pivco_s spread 5.5% (330..349)
=== PIVCO-Huffman Benchmarks (PIVCO_MAX_CODE_LEN=11) ===
Sequence: 4M, Repeats: 10 (40M/run), Block: 32768, Runs: 5 (drop 2)
Distribution set: ALL (29 distributions)

DECODE M/s    | pivco_s pivco_n pivco_bu | trad_1s trad_4s | huf0_1s huf0_x1 huf0_x2 |   ratio
--------------|-------------------------|-----------------|----------------------------|--------
proba80       |     330    4668    4672       0 |     453     549 |     365    1314    2141 |  2.18x
proba50       |     119   13969   13991       0 |     417     534 |     365    1310    2124 |  6.59x
proba14       |     183    8391    8406       0 |     362     533 |     365    1309    2048 |  4.10x
proba02       |     266    6959    6948       0 |     344     533 |     364    1292    1205 |  5.39x
bell_s10      |     383    6931    6980       0 |     344     533 |     364    1293    1847 |  3.78x
bell_s30      |     254    7280    7293       0 |     344     533 |     364    1291    1140 |  5.65x
bell_s80      |     400   10198   10223       0 |     376     545 |       0       0       0 | 18.78x
uniform       |    1493   13172   13198       0 |     420     546 |       0       0       0 | 24.17x
english       |     254   10068   10075       0 |     368     541 |     364    1302    2043 |  4.93x
zipfian       |     195    7474    7499       0 |     324     541 |     364    1292    1457 |  5.15x
sparse_4      |    1498   20314   20318       0 |     494     549 |     365    1314    2163 |  9.39x
sparse_16     |    1496   17178   17207       0 |     464     549 |     364    1298    2146 |  8.02x
geometric     |     127    5789    5795       0 |     386     533 |     365    1309    2135 |  2.71x
two_sym_eq    |     261   23560   23546       0 |     509     549 |     365    1298    2163 | 10.89x
two_sym_90/10 |     735    6670    6654       0 |     509     549 |     365    1299    2138 |  3.12x
flat_M3       |    1363   19221   19217       0 |     478     550 |     365    1302    2162 |  8.89x
flat_M5       |    1132   16348   16430       0 |     453     549 |     365    1313    2064 |  7.96x
flat_M6       |     978   15185   15196       0 |     444     548 |     365    1309    1908 |  7.96x
flat_M7       |    1190   13818   13869       0 |     431     547 |     365    1306    1077 | 10.62x
html_wiki     |     229    5680    5672       0 |     342     533 |     364    1295    1686 |  3.37x
prose_pride   |     178    7528    7522       0 |     354     533 |     364    1295    1901 |  3.96x
image_jpeg    |     356    8934    8924       0 |     370     541 |       0       0       0 | 16.53x
json_api      |     238    7157    7160       0 |     354     533 |     364    1301    1763 |  4.06x
source_c      |     220    7630    7603       0 |     327     533 |     364    1300    1707 |  4.47x
log_apache    |     241    7146    7136       0 |     359     533 |     364    1302    1755 |  4.07x
dna_fasta     |     192    6345    6346       0 |     428     541 |     365    1302    2114 |  3.00x
csv_numeric   |     280    4847    4858       0 |     379     534 |     364    1302    1909 |  2.54x
gzip_random   |    1493   14730   14771       0 |     420     546 |       0       0       0 | 27.06x
chinese_text  |     206    6125    6155       0 |     349     533 |     364    1293    1684 |  3.65x
calgary_pic   |     616    4191    4226       0 |     447     533 |     364    1290    1838 |  2.30x

=== Compression sizes (bytes for 4M input) ===
DIST          |  Dmax  Lvs  Ful  Flt  Hal  B2L |  vIN  vLv |  pivco_raw   +hdr_est |    trad_4s    huf0_1s    huf0_x2
--------------|-----------------------------|-----------|----------------------|------------------------------------
proba80       |     5    6    3    0    1    1 |    5    6 |     480210     481634 |     657420     655561     655802
proba50       |    11   12    9    0    1    1 |   11   12 |    1052733    1055693 |    1049969    1048201    1048445
proba14       |    11   48   14    8    1    0 |   -9    8 |    2213135    2213279 |    2208174    2206777    2207023
proba02       |    11  255   17   14    0    3 | -200    7 |    3736226 2305843009217408786 |    3729352    3729433    3729686
bell_s10      |    11  256   10    8    0    1 | -225    4 |    2978472 2305843009216647800 |    3002856    2863870    2864118
bell_s30      |    11  256   14   12    0    1 | -213    4 |    3724089 2305843009217394761 |    3719045    3686052    3686295
bell_s80      |     9  256    3    4    0    0 | -245    0 |    4173715 2305843009217840227 |    4173976          0          0
uniform       |     8  256    0    1    0    0 | -254    0 |    4194560 2305843009217860064 |    4196096          0          0
english       |    10   30    8    3    1    3 |   -2   10 |    2231728    2232944 |    2229104    2227841    2228088
zipfian       |    10  256   12    9    1    3 | -214    8 |    3285515 2305843009216956651 |    3280625    3280325    3280574
sparse_4      |     2    4    0    1    0    0 |   -2    0 |    1048832 2305843009214742560 |    1050368    1048704    1048992
sparse_16     |     4   16    0    1    0    0 |  -14    0 |    2097408 2305843009215789792 |    2098944    2097472    2097760
geometric     |    11  256    8    6    1    0 | -231    4 |    1222818 2305843009214891474 |    1378918    1051741    1051987
two_sym_eq    |     1    2    0    0    1    0 |    1    2 |     524672     525072 |     526080     524384     524672
two_sym_90/10 |     1    2    0    0    1    0 |    1    2 |     250670     251070 |     526080     524384     524672
flat_M3       |     3    8    0    1    0    0 |   -6    0 |    1573120 2305843009215266400 |    1574656    1573056    1573344
flat_M5       |     5   32    0    1    0    0 |  -30    0 |    2621696 2305843009216312288 |    2623232    2622016    2622304
flat_M6       |     6   64    0    1    0    0 |  -62    0 |    3145984 2305843009216832992 |    3147520    3146816    3147104
flat_M7       |     7  128    0    1    0    0 | -126    0 |    3670272 2305843009217350112 |    3671808    3672128    3672416
html_wiki     |    11  197   17    9    0    4 | -145   13 |    2951465 2305843009216631049 |    2955147    2848634    2848874
prose_pride   |    11   96   14    4    1    4 |  -53   16 |    2420281 2305843009216110601 |    2416387    2399048    2399291
image_jpeg    |    10  256    7    6    1    1 | -231    4 |    4152874 2305843009217821530 |    4152955          0          0
json_api      |    11   98   16    9    1    5 |  -44   14 |    2755917 2305843009216446957 |    2749251    2740154    2740398
source_c      |    11   97   17   10    1    4 |  -42   13 |    2623847 2305843009216314967 |    2616893    2610366    2610609
log_apache    |    11   85   17    9    0    4 |  -33   13 |    2910148 2305843009216602276 |    2903340    2898723    2898970
dna_fasta     |    10   38    8    4    1    0 |  -15    6 |    1094306 2305843009214787442 |    1189545    1182529    1182775
csv_numeric   |    11   54   13    5    1    4 |  -12   14 |    1704063    1704735 |    1756999    1729321    1729566
gzip_random   |     8  256    0    1    0    0 | -254    0 |    4194560 2305843009217860064 |    4196096          0          0
chinese_text  |    11  151   14    7    1    2 | -109   11 |    3130001 2305843009216813329 |    3136050    3058779    3059024
calgary_pic   |    11  159    9    4    1    4 | -126   11 |     588878 2305843009214270302 |     885064     871158     871400
  Dmax=max Huffman code length; Lvs=# leaves; Ful/Flt/Hal/B2L=internal-node-type counts
  vIN/vLv = flat-aware VISIBLE internals/leaves (excludes nodes buried inside flat subtrees)
  +hdr_est = pivco_raw + (vIN*7 + vLv*9) * NBLOCKS/8 bits per-block table-encoding overhead
  Lower = better.  Original size = 4194304 bytes (4MB).

  5 runs of 40M symbols each (10x 4M), drop 2 slowest, warn if spread > 5%
  PIVCO/trad decode in 32768-symbol blocks
  huf0 uses 128KB chunks (its max block size)
  CPU freq drift: +0.1% (OK)
  Total wall time: 78.0 seconds
