  WARNING: json_api/pivco_bu spread 8.8% (3934..4313)
  WARNING: json_api/pivco_s spread 11.1% (220..247)
  WARNING: csv_numeric/pivco_n spread 5.9% (3377..3591)
  WARNING: calgary_pic/huf0_x2 spread 7.8% (1591..1726)
=== PIVCO-Huffman Benchmarks (PIVCO_MAX_CODE_LEN=11) ===
Sequence: 4M, Repeats: 20 (80M/run), Block: 16384, Runs: 5 (drop 2)
Distribution set: ALL (29 distributions)

DECODE M/s    | pivco_s pivco_n pivco_bu | trad_1s trad_4s | huf0_1s huf0_x1 huf0_x2 |   ratio
--------------|-------------------------|-----------------|----------------------------|--------
proba80       |     509    4712    4630       0 |     389    1090 |     271    1043    2016 |  2.34x
proba50       |     159    9627    9962       0 |     359    1050 |     270    1046    2014 |  4.95x
proba14       |     234    5093    5120       0 |     309    1052 |     271    1059    1927 |  2.66x
proba02       |     268    4487    4554       0 |     294    1022 |     270    1043    1140 |  4.00x
bell_s10      |     368    5128    5029       0 |     294    1045 |     269    1043    1740 |  2.95x
bell_s30      |     259    4423    4480       0 |     293    1042 |     271    1039    1080 |  4.15x
bell_s80      |     396    6314    6318       0 |     314    1084 |       0       0       0 |  5.83x
uniform       |    1187   10194   10435       0 |     337    1092 |       0       0       0 |  9.56x
english       |     347    6413    6506       0 |     313    1070 |     270    1046    1935 |  3.36x
zipfian       |     225    4521    4547       0 |     282    1069 |     271    1046    1385 |  3.28x
sparse_4      |    1196   34114   35025       0 |     406    1092 |     271    1052    2012 | 17.41x
sparse_16     |    1199   33880   34464       0 |     382    1096 |     272    1045    2021 | 17.06x
geometric     |     166    4881    4880       0 |     341    1044 |     271    1042    2007 |  2.43x
two_sym_eq    |    1505   34836   34909       0 |     421    1090 |     273    1042    2013 | 17.34x
two_sym_90/10 |    1302    7792    7899       0 |     419    1096 |     273    1040    1981 |  3.99x
flat_M3       |    1140   24308   23811       0 |     393    1092 |     271    1047    2028 | 11.98x
flat_M5       |    1100   24196   24357       0 |     368    1089 |     270    1048    1954 | 12.47x
flat_M6       |    1110   20292   20570       0 |     357    1089 |     271    1047    1784 | 11.53x
flat_M7       |    1086   12929   13233       0 |     348    1090 |     270    1050    1020 | 12.14x
html_wiki     |     247    4004    3998       0 |     295    1054 |     270    1046    1591 |  2.52x
prose_pride   |     240    4618    4581       0 |     305    1048 |     271    1041    1812 |  2.55x
image_jpeg    |     354    5283    5207       0 |     311    1065 |       0       0       0 |  4.96x
json_api      |     239    4229    4296       0 |     299    1042 |     269    1041    1652 |  2.60x
source_c      |     254    4736    4691       0 |     287    1039 |     263    1011    1622 |  2.92x
log_apache    |     246    4309    4209       0 |     301    1041 |     269    1046    1657 |  2.60x
dna_fasta     |     325    5529    5566       0 |     363    1055 |     269    1024    1938 |  2.87x
csv_numeric   |     340    3451    3508       0 |     324    1023 |     266    1029    1782 |  1.97x
gzip_random   |    1188   10360   10318       0 |     334    1070 |       0       0       0 |  9.69x
chinese_text  |     241    4025    4016       0 |     298    1047 |     270    1040    1573 |  2.56x
calgary_pic   |     945    3586    3600       0 |     376    1041 |     270     999    1694 |  2.13x

=== Compression sizes (bytes for 4M input) ===
DIST          |  Dmax  Lvs  Ful  Flt  Hal  B2L |  vIN  vLv |  pivco_raw   +hdr_est |    trad_4s    huf0_1s    huf0_x2
--------------|-----------------------------|-----------|----------------------|------------------------------------
proba80       |     5    6    3    0    1    1 |    5    6 |     484753     487601 |     659453     655561     655802
proba50       |    11   12    9    0    1    1 |   11   12 |    1057537    1063457 |    1052014    1048201    1048445
proba14       |    11   48   14    8    1    0 |   -9    8 |    2220081    2220369 |    2210207    2206777    2207023
proba02       |    11  255   17   14    0    3 | -200    7 |    3745119 2305843009217396287 |    3731348    3729433    3729686
bell_s10      |    11  256   10    8    0    1 | -225    4 |    2984714 2305843009216629418 |    3004872    2863870    2864118
bell_s30      |    11  256   14   12    0    1 | -213    4 |    3731184 2305843009217378576 |    3721066    3686052    3686295
bell_s80      |     9  256    3    4    0    0 | -245    0 |    4175454 2305843009217814526 |    4175993          0          0
uniform       |     8  256    0    1    0    0 | -254    0 |    4194816 2305843009217831872 |    4197888          0          0
english       |    10   30    8    3    1    3 |   -2   10 |    2236347    2238779 |    2231128    2227841    2228088
zipfian       |    10  256   12    9    1    3 | -214    8 |    3292424 2305843009216940744 |    3282650    3280325    3280574
sparse_4      |     2    4    0    1    0    0 |   -2    0 |    1049088 2305843009214742592 |    1052160    1048704    1048992
sparse_16     |     4   16    0    1    0    0 |  -14    0 |    2097664 2305843009215788480 |    2100736    2097472    2097760
geometric     |    11  256    8    6    1    0 | -231    4 |    1230187 2305843009214873547 |    1380933    1051741    1051987
two_sym_eq    |     1    2    0    0    1    0 |    1    2 |     525056     525856 |     527872     524384     524672
two_sym_90/10 |     1    2    0    0    1    0 |    1    2 |     252357     253157 |     527872     524384     524672
flat_M3       |     3    8    0    1    0    0 |   -6    0 |    1573376 2305843009215265984 |    1576448    1573056    1573344
flat_M5       |     5   32    0    1    0    0 |  -30    0 |    2621952 2305843009216309184 |    2625024    2622016    2622304
flat_M6       |     6   64    0    1    0    0 |  -62    0 |    3146240 2305843009216826304 |    3149312    3146816    3147104
flat_M7       |     7  128    0    1    0    0 | -126    0 |    3670528 2305843009217336256 |    3673600    3672128    3672416
html_wiki     |    11  197   17    9    0    4 | -145   13 |    2961365 2305843009216626581 |    2957170    2848634    2848874
prose_pride   |    11   96   14    4    1    4 |  -53   16 |    2426919 2305843009216113607 |    2418403    2399048    2399291
image_jpeg    |    10  256    7    6    1    1 | -231    4 |    4151227 2305843009217794587 |    4154985          0          0
json_api      |    11   98   16    9    1    5 |  -44   14 |    2764881 2305843009216453009 |    2751266    2740154    2740398
source_c      |    11   97   17   10    1    4 |  -42   13 |    2632737 2305843009216321025 |    2618879    2610366    2610609
log_apache    |    11   85   17    9    0    4 |  -33   13 |    2918802 2305843009216609106 |    2905349    2898723    2898970
dna_fasta     |    10   38    8    4    1    0 |  -15    6 |    1103411 2305843009214795731 |    1191563    1182529    1182775
csv_numeric   |    11   54   13    5    1    4 |  -12   14 |    1681359    1682703 |    1759009    1729321    1729566
gzip_random   |     8  256    0    1    0    0 | -254    0 |    4194816 2305843009217831872 |    4197888          0          0
chinese_text  |    11  151   14    7    1    2 | -109   11 |    3137169 2305843009216809873 |    3138048    3058779    3059024
calgary_pic   |    11  159    9    4    1    4 | -126   11 |     591079 2305843009214259975 |     887046     871158     871400
  Dmax=max Huffman code length; Lvs=# leaves; Ful/Flt/Hal/B2L=internal-node-type counts
  vIN/vLv = flat-aware VISIBLE internals/leaves (excludes nodes buried inside flat subtrees)
  +hdr_est = pivco_raw + (vIN*7 + vLv*9) * NBLOCKS/8 bits per-block table-encoding overhead
  Lower = better.  Original size = 4194304 bytes (4MB).

  5 runs of 80M symbols each (20x 4M), drop 2 slowest, warn if spread > 5%
  PIVCO/trad decode in 16384-symbol blocks
  huf0 uses 128KB chunks (its max block size)
  WARNING: CPU freq dropped 10.2% (throttling?)
  Total wall time: 152.8 seconds
