=== PIVCO-Huffman Benchmarks (PIVCO_MAX_CODE_LEN=11) ===
Sequence: 4M, Repeats: 20 (80M/run), Block: 32768, Runs: 5 (drop 2)
Distribution set: ALL (29 distributions)

DECODE M/s    | pivco_s pivco_n pivco_bu | trad_1s trad_4s | huf0_1s huf0_x1 huf0_x2 |   ratio
--------------|-------------------------|-----------------|----------------------------|--------
proba80       |     383    5336    5335       0 |     456     921 |     382    1346    2220 |  2.40x
proba50       |     126   15109   15141       0 |     419     893 |     381    1325    2176 |  6.96x
proba14       |      78    8529    8466       0 |     370     892 |     381    1346    2123 |  4.02x
proba02       |      81    7520    7489       0 |     346     892 |     379    1325    1281 |  5.68x
bell_s10      |     128    7854    7876       0 |     336     893 |     379    1333    1958 |  4.02x
bell_s30      |      79    7351    7384       0 |     346     893 |     379    1322    1211 |  5.58x
bell_s80      |     137   11889   11834       0 |     371     913 |       0       0       0 | 13.02x
uniform       |    1460   38423   38488       0 |     400     919 |       0       0       0 | 41.86x
english       |     103   10881   10890       0 |     360     907 |     380    1337    2136 |  5.10x
zipfian       |      74    7331    7328       0 |     323     908 |     379    1328    1540 |  4.76x
sparse_4      |    1460   59638   58872       0 |     488     921 |     381    1352    2210 | 26.98x
sparse_16     |    1460   54286   54113       0 |     461     922 |     381    1353    2191 | 24.78x
geometric     |     128    6603    6621       0 |     394     893 |     381    1343    2194 |  3.02x
two_sym_eq    |     265   66435   66590       0 |     502     920 |     381    1347    2212 | 30.10x
two_sym_90/10 |     779    8453    8503       0 |     503     920 |     381    1347    2229 |  3.82x
flat_M3       |    1346   56345   56568       0 |     473     923 |     381    1353    2204 | 25.67x
flat_M5       |    1263   49059   48846       0 |     447     921 |     381    1352    2174 | 22.57x
flat_M6       |    1255   44935   45074       0 |     430     921 |     381    1351    2064 | 21.83x
flat_M7       |    1182   42688   43678       0 |     418     921 |     381    1347    1134 | 32.42x
html_wiki     |     124    6416    6421       0 |     349     893 |     379    1332    1787 |  3.59x
prose_pride   |      77    7649    7632       0 |     342     893 |     380    1330    2011 |  3.80x
image_jpeg    |     125    9975   10004       0 |     369     907 |       0       0       0 | 11.03x
json_api      |     147    7162    7075       0 |     351     893 |     380    1337    1852 |  3.87x
source_c      |     108    7987    7981       0 |     337     893 |     380    1336    1819 |  4.39x
log_apache    |     148    7384    7408       0 |     345     893 |     380    1339    1862 |  3.98x
dna_fasta     |     126    7322    7325       0 |     430     908 |     381    1340    2194 |  3.34x
csv_numeric   |     215    5890    5892       0 |     384     892 |     380    1339    2010 |  2.93x
gzip_random   |    1460   38716   38708       0 |     400     916 |       0       0       0 | 42.28x
chinese_text  |      89    6530    6534       0 |     357     893 |     379    1331    1775 |  3.68x
calgary_pic   |     403    4708    4710       0 |     443     894 |     380    1326    1977 |  2.38x

=== Compression sizes (bytes for 4M input) ===
DIST          |  Dmax  Lvs  Ful  Flt  Hal  B2L |  vIN  vLv |  pivco_raw   +hdr_est |    trad_4s    huf0_1s    huf0_x2
--------------|-----------------------------|-----------|----------------------|------------------------------------
proba80       |     5    6    3    0    1    1 |    5    6 |     480210     481634 |     657420     655561     655802
proba50       |    11   12    9    0    1    1 |   11   12 |    1052733    1055693 |    1049969    1048201    1048445
proba14       |    11   48   14    8    1    0 |   -9    8 |    2213135    2213279 |    2208174    2206777    2207023
proba02       |    11  255   17   14    0    3 | -200    7 |    3736226 2305843009217408786 |    3729352    3729433    3729686
bell_s10      |    11  256   10    8    0    1 | -225    4 |    2978472 2305843009216647800 |    3002856    2863870    2864118
bell_s30      |    11  256   14   12    0    1 | -213    4 |    3724089 2305843009217394761 |    3719045    3686052    3686295
bell_s80      |     9  256    3    4    0    0 | -245    0 |    4173715 2305843009217840227 |    4173976          0          0
uniform       |     8  256    0    1    0    0 | -254    0 |    4194560 2305843009217860064 |    4196096          0          0
english       |    10   30    8    3    1    3 |   -2   10 |    2231728    2232944 |    2229104    2227841    2228088
zipfian       |    10  256   12    9    1    3 | -214    8 |    3285515 2305843009216956651 |    3280625    3280325    3280574
sparse_4      |     2    4    0    1    0    0 |   -2    0 |    1048832 2305843009214742560 |    1050368    1048704    1048992
sparse_16     |     4   16    0    1    0    0 |  -14    0 |    2097408 2305843009215789792 |    2098944    2097472    2097760
geometric     |    11  256    8    6    1    0 | -231    4 |    1222818 2305843009214891474 |    1378918    1051741    1051987
two_sym_eq    |     1    2    0    0    1    0 |    1    2 |     524672     525072 |     526080     524384     524672
two_sym_90/10 |     1    2    0    0    1    0 |    1    2 |     250670     251070 |     526080     524384     524672
flat_M3       |     3    8    0    1    0    0 |   -6    0 |    1573120 2305843009215266400 |    1574656    1573056    1573344
flat_M5       |     5   32    0    1    0    0 |  -30    0 |    2621696 2305843009216312288 |    2623232    2622016    2622304
flat_M6       |     6   64    0    1    0    0 |  -62    0 |    3145984 2305843009216832992 |    3147520    3146816    3147104
flat_M7       |     7  128    0    1    0    0 | -126    0 |    3670272 2305843009217350112 |    3671808    3672128    3672416
html_wiki     |    11  197   17    9    0    4 | -145   13 |    2951465 2305843009216631049 |    2955147    2848634    2848874
prose_pride   |    11   96   14    4    1    4 |  -53   16 |    2420281 2305843009216110601 |    2416387    2399048    2399291
image_jpeg    |    10  256    7    6    1    1 | -231    4 |    4152874 2305843009217821530 |    4152955          0          0
json_api      |    11   98   16    9    1    5 |  -44   14 |    2755917 2305843009216446957 |    2749251    2740154    2740398
source_c      |    11   97   17   10    1    4 |  -42   13 |    2623847 2305843009216314967 |    2616893    2610366    2610609
log_apache    |    11   85   17    9    0    4 |  -33   13 |    2910148 2305843009216602276 |    2903340    2898723    2898970
dna_fasta     |    10   38    8    4    1    0 |  -15    6 |    1094306 2305843009214787442 |    1189545    1182529    1182775
csv_numeric   |    11   54   13    5    1    4 |  -12   14 |    1704063    1704735 |    1756999    1729321    1729566
gzip_random   |     8  256    0    1    0    0 | -254    0 |    4194560 2305843009217860064 |    4196096          0          0
chinese_text  |    11  151   14    7    1    2 | -109   11 |    3130001 2305843009216813329 |    3136050    3058779    3059024
calgary_pic   |    11  159    9    4    1    4 | -126   11 |     588878 2305843009214270302 |     885064     871158     871400
  Dmax=max Huffman code length; Lvs=# leaves; Ful/Flt/Hal/B2L=internal-node-type counts
  vIN/vLv = flat-aware VISIBLE internals/leaves (excludes nodes buried inside flat subtrees)
  +hdr_est = pivco_raw + (vIN*7 + vLv*9) * NBLOCKS/8 bits per-block table-encoding overhead
  Lower = better.  Original size = 4194304 bytes (4MB).

  5 runs of 80M symbols each (20x 4M), drop 2 slowest, warn if spread > 5%
  PIVCO/trad decode in 32768-symbol blocks
  huf0 uses 128KB chunks (its max block size)
  CPU freq drift: -0.1% (OK)
  Total wall time: 174.7 seconds
