=== PIVCO-Huffman Benchmarks (PIVCO_MAX_CODE_LEN=11) ===
Sequence: 4M, Repeats: 20 (80M/run), Block: 16384, Runs: 5 (drop 2)
Distribution set: ALL (29 distributions)

DECODE M/s    | pivco_s pivco_n pivco_bu | trad_1s trad_4s | huf0_1s huf0_x1 huf0_x2 |   ratio
--------------|-------------------------|-----------------|----------------------------|--------
proba80       |     710    7429    7440       0 |     568    1730 |     392    1485    2811 |  2.65x
proba50       |     222   18625   18384       0 |     529    1663 |     391    1488    2810 |  6.63x
proba14       |     440    9701    9685       0 |     469    1662 |     391    1462    2740 |  3.54x
proba02       |     588    8755    8717       0 |     449    1645 |     390    1478    1608 |  5.32x
bell_s10      |     801    8661    8601       0 |     448    1649 |     388    1479    2497 |  3.47x
bell_s30      |     571    8296    8346       0 |     450    1659 |     390    1476    1538 |  5.03x
bell_s80      |     833   10749   10674       0 |     480    1694 |       0       0       0 |  6.35x
uniform       |   87747   85424   86839       0 |    1635    1721 |       0       0       0 | 50.97x
english       |     743   11904   11868       0 |     476    1682 |     390    1478    2676 |  4.45x
zipfian       |     441    8117    8116       0 |     429    1678 |     389    1476    1947 |  4.17x
sparse_4      |    2446   70970   69789       0 |    2699    1730 |    1200    3572    5358 | 13.24x
sparse_16     |    2453   68256   67869       0 |    2146    1730 |    1199    3327    4786 | 14.26x
geometric     |     238    7532    7480       0 |     500    1647 |     391    1478    2738 |  2.75x
two_sym_eq    |    3115   51878   52825       0 |    3005    1730 |     871    3567    5393 |  9.79x
two_sym_90/10 |    2621   12244   12248       0 |    3000    1727 |     872    3583    5187 |  2.36x
flat_M3       |    2321   56718   57027       0 |    2444    1728 |     874    3567    5442 | 10.48x
flat_M5       |    2207   49637   49902       0 |    1989    1706 |     871    3578    5238 |  9.53x
flat_M6       |    2184   37804   38568       0 |    1848    1696 |    1165    3485    4732 |  8.15x
flat_M7       |    2039   19752   19609       0 |    1714    1702 |     871    3569    2828 |  5.53x
html_wiki     |     527    7419    7403       0 |     453    1641 |     388    1470    2244 |  3.31x
prose_pride   |     484    8227    8238       0 |     459    1635 |     389    1460    2562 |  3.22x
image_jpeg    |     755    8808    8654       0 |     475    1694 |       0       0       0 |  5.20x
json_api      |     533    8139    8148       0 |     479    1635 |     388    1484    2356 |  3.46x
source_c      |     514    9106    9100       0 |     437    1616 |     389    1466    2321 |  3.92x
log_apache    |     544    8369    8369       0 |     474    1634 |     389    1482    2386 |  3.51x
dna_fasta     |     565    8994    8935       0 |     542    1678 |     391    1483    2822 |  3.19x
csv_numeric   |     704    5576    5887       0 |     490    1634 |     390    1464    2550 |  2.31x
gzip_random   |   89146   88394   88768       0 |    1633    1702 |       0       0       0 | 52.37x
chinese_text  |     511    7262    7252       0 |     455    1656 |     391    1468    2267 |  3.20x
calgary_pic   |    1914    5874    5836       0 |     640    1755 |     437    1476    2433 |  2.41x

=== Compression sizes (bytes for 4M input) ===
DIST          |  Dmax  Lvs  Ful  Flt  Hal  B2L |  vIN  vLv |  pivco_raw   +hdr_est |    trad_4s    huf0_1s    huf0_x2
--------------|-----------------------------|-----------|----------------------|------------------------------------
proba80       |     5    6    3    0    1    1 |    5    6 |     484753     487601 |     659453     655561     655802
proba50       |    11   12    9    0    1    1 |   11   12 |    1057537    1063457 |    1052014    1048201    1048445
proba14       |    11   48   14    8    1    0 |   -9    8 |    2220081    2220369 |    2210207    2206777    2207023
proba02       |    11  255   17   14    0    3 | -200    7 |    3745119 2305843009217396287 |    3731348    3729433    3729686
bell_s10      |    11  256   10    8    0    1 | -225    4 |    2984714 2305843009216629418 |    3004872    2863870    2864118
bell_s30      |    11  256   14   12    0    1 | -213    4 |    3731184 2305843009217378576 |    3721066    3686052    3686295
bell_s80      |     9  256    3    4    0    0 | -245    0 |    4175454 2305843009217814526 |    4175993          0          0
uniform       |     8  256    0    1    0    0 | -254    0 |    4194816 2305843009217831872 |    4197888          0          0
english       |    10   30    8    3    1    3 |   -2   10 |    2236347    2238779 |    2231128    2227841    2228088
zipfian       |    10  256   12    9    1    3 | -214    8 |    3292424 2305843009216940744 |    3282650    3280325    3280574
sparse_4      |     2    4    0    1    0    0 |   -2    0 |    1049088 2305843009214742592 |    1052160    1048704    1048992
sparse_16     |     4   16    0    1    0    0 |  -14    0 |    2097664 2305843009215788480 |    2100736    2097472    2097760
geometric     |    11  256    8    6    1    0 | -231    4 |    1230187 2305843009214873547 |    1380933    1051741    1051987
two_sym_eq    |     1    2    0    0    1    0 |    1    2 |     525056     525856 |     527872     524384     524672
two_sym_90/10 |     1    2    0    0    1    0 |    1    2 |     252357     253157 |     527872     524384     524672
flat_M3       |     3    8    0    1    0    0 |   -6    0 |    1573376 2305843009215265984 |    1576448    1573056    1573344
flat_M5       |     5   32    0    1    0    0 |  -30    0 |    2621952 2305843009216309184 |    2625024    2622016    2622304
flat_M6       |     6   64    0    1    0    0 |  -62    0 |    3146240 2305843009216826304 |    3149312    3146816    3147104
flat_M7       |     7  128    0    1    0    0 | -126    0 |    3670528 2305843009217336256 |    3673600    3672128    3672416
html_wiki     |    11  197   17    9    0    4 | -145   13 |    2961365 2305843009216626581 |    2957170    2848634    2848874
prose_pride   |    11   96   14    4    1    4 |  -53   16 |    2426919 2305843009216113607 |    2418403    2399048    2399291
image_jpeg    |    10  256    7    6    1    1 | -231    4 |    4151227 2305843009217794587 |    4154985          0          0
json_api      |    11   98   16    9    1    5 |  -44   14 |    2764881 2305843009216453009 |    2751266    2740154    2740398
source_c      |    11   97   17   10    1    4 |  -42   13 |    2632737 2305843009216321025 |    2618879    2610366    2610609
log_apache    |    11   85   17    9    0    4 |  -33   13 |    2918802 2305843009216609106 |    2905349    2898723    2898970
dna_fasta     |    10   38    8    4    1    0 |  -15    6 |    1103411 2305843009214795731 |    1191563    1182529    1182775
csv_numeric   |    11   54   13    5    1    4 |  -12   14 |    1681359    1682703 |    1759009    1729321    1729566
gzip_random   |     8  256    0    1    0    0 | -254    0 |    4194816 2305843009217831872 |    4197888          0          0
chinese_text  |    11  151   14    7    1    2 | -109   11 |    3137169 2305843009216809873 |    3138048    3058779    3059024
calgary_pic   |    11  159    9    4    1    4 | -126   11 |     591079 2305843009214259975 |     887046     871158     871400
  Dmax=max Huffman code length; Lvs=# leaves; Ful/Flt/Hal/B2L=internal-node-type counts
  vIN/vLv = flat-aware VISIBLE internals/leaves (excludes nodes buried inside flat subtrees)
  +hdr_est = pivco_raw + (vIN*7 + vLv*9) * NBLOCKS/8 bits per-block table-encoding overhead
  Lower = better.  Original size = 4194304 bytes (4MB).

  5 runs of 80M symbols each (20x 4M), drop 2 slowest, warn if spread > 5%
  PIVCO/trad decode in 16384-symbol blocks
  huf0 uses 128KB chunks (its max block size)
  CPU freq drift: +18.5% (OK)
  Total wall time: 83.9 seconds
