  WARNING: english/pivco_bu spread 5.3% (11721..12374)
  WARNING: image_jpeg/pivco_bu spread 5.4% (8618..9109)
=== PIVCO-Huffman Benchmarks (PIVCO_MAX_CODE_LEN=11) ===
Sequence: 4M, Repeats: 20 (80M/run), Block: 16384, Runs: 5 (drop 2)
Distribution set: ALL (29 distributions)

DECODE M/s    | pivco_s pivco_n pivco_bu | trad_1s trad_4s | huf0_1s huf0_x1 huf0_x2 |   ratio
--------------|-------------------------|-----------------|----------------------------|--------
proba80       |     728    7988    8027       0 |     560    1805 |     392    1510    2944 |  2.73x
proba50       |     221   17791   17986       0 |     529    1731 |     391    1508    2893 |  6.22x
proba14       |     460    9541    9629       0 |     471    1725 |     391    1516    2826 |  3.41x
proba02       |     607    8540    8619       0 |     451    1723 |     390    1500    1682 |  5.00x
bell_s10      |     825    8745    8766       0 |     452    1709 |     388    1502    2562 |  3.42x
bell_s30      |     586    8360    8293       0 |     451    1700 |     391    1501    1570 |  4.92x
bell_s80      |     850   10648   10927       0 |     479    1766 |       0       0       0 |  6.19x
uniform       |   90688   91479   91181       0 |    1674    1754 |       0       0       0 | 52.14x
english       |     766   11669   12089       0 |     476    1741 |     390    1509    2784 |  4.34x
zipfian       |     452    8067    8083       0 |     430    1698 |     390    1500    2028 |  3.98x
sparse_4      |    2520   71150   70970       0 |    2743    1769 |    1202    3690    5563 | 12.79x
sparse_16     |    2532   72129   72316       0 |    2231    1759 |    1202    3326    4817 | 15.01x
geometric     |     238    7727    7696       0 |     500    1702 |     391    1508    2872 |  2.69x
two_sym_eq    |    3198   53946   54225       0 |    3075    1773 |     873    3639    5575 |  9.73x
two_sym_90/10 |    2621   12653   12603       0 |    3020    1790 |     871    3652    5367 |  2.36x
flat_M3       |    2356   56795   56680       0 |    2489    1766 |     895    3668    5602 | 10.14x
flat_M5       |    2170   50352   49549       0 |    2026    1753 |     869    3662    5324 |  9.46x
flat_M6       |    2179   38287   38981       0 |    1897    1750 |    1168    3542    4678 |  8.33x
flat_M7       |    2087   19441   19130       0 |    1748    1736 |     881    3649    2867 |  5.33x
html_wiki     |     539    7069    7117       0 |     457    1693 |     388    1501    2305 |  3.09x
prose_pride   |     495    8255    8280       0 |     462    1678 |     389    1485    2578 |  3.21x
image_jpeg    |     775    8625    9053       0 |     475    1723 |       0       0       0 |  5.25x
json_api      |     548    7865    7918       0 |     483    1677 |     389    1507    2404 |  3.29x
source_c      |     530    8582    8907       0 |     440    1674 |     389    1508    2370 |  3.76x
log_apache    |     556    7958    8037       0 |     475    1686 |     390    1496    2469 |  3.26x
dna_fasta     |     583    9106    9074       0 |     539    1717 |     391    1507    2896 |  3.14x
csv_numeric   |     722    5583    5598       0 |     495    1690 |     390    1504    2625 |  2.13x
gzip_random   |   90492   90688   91082       0 |    1654    1728 |       0       0       0 | 52.71x
chinese_text  |     520    7101    7084       0 |     459    1680 |     391    1500    2335 |  3.04x
calgary_pic   |    1946    5871    5890       0 |     643    1786 |     436    1503    2494 |  2.36x

=== Compression sizes (bytes for 4M input) ===
DIST          |  Dmax  Lvs  Ful  Flt  Hal  B2L |  vIN  vLv |  pivco_raw   +hdr_est |    trad_4s    huf0_1s    huf0_x2
--------------|-----------------------------|-----------|----------------------|------------------------------------
proba80       |     5    6    3    0    1    1 |    5    6 |     484753     487601 |     659453     655561     655802
proba50       |    11   12    9    0    1    1 |   11   12 |    1057537    1063457 |    1052014    1048201    1048445
proba14       |    11   48   14    8    1    0 |   -9    8 |    2220081    2220369 |    2210207    2206777    2207023
proba02       |    11  255   17   14    0    3 | -200    7 |    3745119 2305843009217396287 |    3731348    3729433    3729686
bell_s10      |    11  256   10    8    0    1 | -225    4 |    2984714 2305843009216629418 |    3004872    2863870    2864118
bell_s30      |    11  256   14   12    0    1 | -213    4 |    3731184 2305843009217378576 |    3721066    3686052    3686295
bell_s80      |     9  256    3    4    0    0 | -245    0 |    4175454 2305843009217814526 |    4175993          0          0
uniform       |     8  256    0    1    0    0 | -254    0 |    4194816 2305843009217831872 |    4197888          0          0
english       |    10   30    8    3    1    3 |   -2   10 |    2236347    2238779 |    2231128    2227841    2228088
zipfian       |    10  256   12    9    1    3 | -214    8 |    3292424 2305843009216940744 |    3282650    3280325    3280574
sparse_4      |     2    4    0    1    0    0 |   -2    0 |    1049088 2305843009214742592 |    1052160    1048704    1048992
sparse_16     |     4   16    0    1    0    0 |  -14    0 |    2097664 2305843009215788480 |    2100736    2097472    2097760
geometric     |    11  256    8    6    1    0 | -231    4 |    1230187 2305843009214873547 |    1380933    1051741    1051987
two_sym_eq    |     1    2    0    0    1    0 |    1    2 |     525056     525856 |     527872     524384     524672
two_sym_90/10 |     1    2    0    0    1    0 |    1    2 |     252357     253157 |     527872     524384     524672
flat_M3       |     3    8    0    1    0    0 |   -6    0 |    1573376 2305843009215265984 |    1576448    1573056    1573344
flat_M5       |     5   32    0    1    0    0 |  -30    0 |    2621952 2305843009216309184 |    2625024    2622016    2622304
flat_M6       |     6   64    0    1    0    0 |  -62    0 |    3146240 2305843009216826304 |    3149312    3146816    3147104
flat_M7       |     7  128    0    1    0    0 | -126    0 |    3670528 2305843009217336256 |    3673600    3672128    3672416
html_wiki     |    11  197   17    9    0    4 | -145   13 |    2961365 2305843009216626581 |    2957170    2848634    2848874
prose_pride   |    11   96   14    4    1    4 |  -53   16 |    2426919 2305843009216113607 |    2418403    2399048    2399291
image_jpeg    |    10  256    7    6    1    1 | -231    4 |    4151227 2305843009217794587 |    4154985          0          0
json_api      |    11   98   16    9    1    5 |  -44   14 |    2764881 2305843009216453009 |    2751266    2740154    2740398
source_c      |    11   97   17   10    1    4 |  -42   13 |    2632737 2305843009216321025 |    2618879    2610366    2610609
log_apache    |    11   85   17    9    0    4 |  -33   13 |    2918802 2305843009216609106 |    2905349    2898723    2898970
dna_fasta     |    10   38    8    4    1    0 |  -15    6 |    1103411 2305843009214795731 |    1191563    1182529    1182775
csv_numeric   |    11   54   13    5    1    4 |  -12   14 |    1681359    1682703 |    1759009    1729321    1729566
gzip_random   |     8  256    0    1    0    0 | -254    0 |    4194816 2305843009217831872 |    4197888          0          0
chinese_text  |    11  151   14    7    1    2 | -109   11 |    3137169 2305843009216809873 |    3138048    3058779    3059024
calgary_pic   |    11  159    9    4    1    4 | -126   11 |     591079 2305843009214259975 |     887046     871158     871400
  Dmax=max Huffman code length; Lvs=# leaves; Ful/Flt/Hal/B2L=internal-node-type counts
  vIN/vLv = flat-aware VISIBLE internals/leaves (excludes nodes buried inside flat subtrees)
  +hdr_est = pivco_raw + (vIN*7 + vLv*9) * NBLOCKS/8 bits per-block table-encoding overhead
  Lower = better.  Original size = 4194304 bytes (4MB).

  5 runs of 80M symbols each (20x 4M), drop 2 slowest, warn if spread > 5%
  PIVCO/trad decode in 16384-symbol blocks
  huf0 uses 128KB chunks (its max block size)
  CPU freq drift: +147.0% (OK)
  Total wall time: 83.0 seconds
