  WARNING: prose_pride/huf0_x2 spread 6.6% (2187..2341)
  WARNING: json_api/pivco_s spread 8.9% (473..520)
=== PIVCO-Huffman Benchmarks (PIVCO_MAX_CODE_LEN=11) ===
Sequence: 4M, Repeats: 20 (80M/run), Block: 16384, Runs: 5 (drop 2)
Distribution set: ALL (29 distributions)

DECODE M/s    | pivco_s pivco_n pivco_bu | trad_1s trad_4s | huf0_1s huf0_x1 huf0_x2 |   ratio
--------------|-------------------------|-----------------|----------------------------|--------
proba80       |     720    7473    7466       0 |     568    1723 |     392    1485    2827 |  2.64x
proba50       |     222   16575   16831       0 |     529    1622 |     391    1456    2809 |  5.99x
proba14       |     436    9277    9320       0 |     470    1638 |     391    1478    2711 |  3.44x
proba02       |     587    8320    8425       0 |     450    1635 |     390    1459    1614 |  5.15x
bell_s10      |     799    8238    8121       0 |     443    1655 |     388    1472    2499 |  3.30x
bell_s30      |     567    8011    8018       0 |     448    1612 |     391    1441    1533 |  4.97x
bell_s80      |     833   10432   10436       0 |     480    1687 |       0       0       0 |  6.19x
uniform       |   87747   86480   87839       0 |    1619    1716 |       0       0       0 | 51.20x
english       |     742   11559   11615       0 |     475    1669 |     390    1465    2677 |  4.34x
zipfian       |     442    7739    7773       0 |     424    1671 |     390    1459    1943 |  4.00x
sparse_4      |    2449   72005   71090       0 |    2670    1725 |    1204    3574    5391 | 13.36x
sparse_16     |    2454   68423   70022       0 |    2151    1685 |    1194    3338    4930 | 14.20x
geometric     |     238    7419    7353       0 |     500    1639 |     391    1474    2752 |  2.70x
two_sym_eq    |    3073   53025   51026       0 |    2985    1721 |     872    3566    5436 |  9.75x
two_sym_90/10 |    2600   12305   12331       0 |    2948    1727 |     871    3549    5199 |  2.37x
flat_M3       |    2289   55701   55480       0 |    2423    1709 |     877    3572    5494 | 10.14x
flat_M5       |    2172   49432   48601       0 |    1980    1702 |     869    3600    5259 |  9.40x
flat_M6       |    2159   37283   38217       0 |    1827    1673 |    1125    3511    4679 |  8.17x
flat_M7       |    2039   18825   19052       0 |    1690    1691 |     868    3572    2797 |  5.33x
html_wiki     |     519    7095    7063       0 |     452    1610 |     388    1437    2274 |  3.12x
prose_pride   |     479    8056    7976       0 |     459    1574 |     389    1392    2334 |  3.45x
image_jpeg    |     730    8226    8292       0 |     473    1634 |       0       0       0 |  5.08x
json_api      |     519    7561    7565       0 |     472    1619 |     389    1459    2335 |  3.24x
source_c      |     515    8641    8694       0 |     433    1608 |     389    1461    2261 |  3.85x
log_apache    |     543    7849    7973       0 |     465    1625 |     390    1474    2356 |  3.38x
dna_fasta     |     565    8687    8663       0 |     542    1667 |     390    1457    2803 |  3.10x
csv_numeric   |     703    5480    5478       0 |     490    1640 |     390    1476    2525 |  2.17x
gzip_random   |   87381   86481   87381       0 |    1614    1685 |       0       0       0 | 51.87x
chinese_text  |     506    7303    7246       0 |     453    1627 |     390    1462    2216 |  3.30x
calgary_pic   |    1908    5471    5762       0 |     640    1746 |     436    1465    2400 |  2.40x

=== Compression sizes (bytes for 4M input) ===
DIST          |  Dmax  Lvs  Ful  Flt  Hal  B2L |  vIN  vLv |  pivco_raw   +hdr_est |    trad_4s    huf0_1s    huf0_x2
--------------|-----------------------------|-----------|----------------------|------------------------------------
proba80       |     5    6    3    0    1    1 |    5    6 |     484753     487601 |     659453     655561     655802
proba50       |    11   12    9    0    1    1 |   11   12 |    1057537    1063457 |    1052014    1048201    1048445
proba14       |    11   48   14    8    1    0 |   -9    8 |    2220081    2220369 |    2210207    2206777    2207023
proba02       |    11  255   17   14    0    3 | -200    7 |    3745119 2305843009217396287 |    3731348    3729433    3729686
bell_s10      |    11  256   10    8    0    1 | -225    4 |    2984714 2305843009216629418 |    3004872    2863870    2864118
bell_s30      |    11  256   14   12    0    1 | -213    4 |    3731184 2305843009217378576 |    3721066    3686052    3686295
bell_s80      |     9  256    3    4    0    0 | -245    0 |    4175454 2305843009217814526 |    4175993          0          0
uniform       |     8  256    0    1    0    0 | -254    0 |    4194816 2305843009217831872 |    4197888          0          0
english       |    10   30    8    3    1    3 |   -2   10 |    2236347    2238779 |    2231128    2227841    2228088
zipfian       |    10  256   12    9    1    3 | -214    8 |    3292424 2305843009216940744 |    3282650    3280325    3280574
sparse_4      |     2    4    0    1    0    0 |   -2    0 |    1049088 2305843009214742592 |    1052160    1048704    1048992
sparse_16     |     4   16    0    1    0    0 |  -14    0 |    2097664 2305843009215788480 |    2100736    2097472    2097760
geometric     |    11  256    8    6    1    0 | -231    4 |    1230187 2305843009214873547 |    1380933    1051741    1051987
two_sym_eq    |     1    2    0    0    1    0 |    1    2 |     525056     525856 |     527872     524384     524672
two_sym_90/10 |     1    2    0    0    1    0 |    1    2 |     252357     253157 |     527872     524384     524672
flat_M3       |     3    8    0    1    0    0 |   -6    0 |    1573376 2305843009215265984 |    1576448    1573056    1573344
flat_M5       |     5   32    0    1    0    0 |  -30    0 |    2621952 2305843009216309184 |    2625024    2622016    2622304
flat_M6       |     6   64    0    1    0    0 |  -62    0 |    3146240 2305843009216826304 |    3149312    3146816    3147104
flat_M7       |     7  128    0    1    0    0 | -126    0 |    3670528 2305843009217336256 |    3673600    3672128    3672416
html_wiki     |    11  197   17    9    0    4 | -145   13 |    2961365 2305843009216626581 |    2957170    2848634    2848874
prose_pride   |    11   96   14    4    1    4 |  -53   16 |    2426919 2305843009216113607 |    2418403    2399048    2399291
image_jpeg    |    10  256    7    6    1    1 | -231    4 |    4151227 2305843009217794587 |    4154985          0          0
json_api      |    11   98   16    9    1    5 |  -44   14 |    2764881 2305843009216453009 |    2751266    2740154    2740398
source_c      |    11   97   17   10    1    4 |  -42   13 |    2632737 2305843009216321025 |    2618879    2610366    2610609
log_apache    |    11   85   17    9    0    4 |  -33   13 |    2918802 2305843009216609106 |    2905349    2898723    2898970
dna_fasta     |    10   38    8    4    1    0 |  -15    6 |    1103411 2305843009214795731 |    1191563    1182529    1182775
csv_numeric   |    11   54   13    5    1    4 |  -12   14 |    1681359    1682703 |    1759009    1729321    1729566
gzip_random   |     8  256    0    1    0    0 | -254    0 |    4194816 2305843009217831872 |    4197888          0          0
chinese_text  |    11  151   14    7    1    2 | -109   11 |    3137169 2305843009216809873 |    3138048    3058779    3059024
calgary_pic   |    11  159    9    4    1    4 | -126   11 |     591079 2305843009214259975 |     887046     871158     871400
  Dmax=max Huffman code length; Lvs=# leaves; Ful/Flt/Hal/B2L=internal-node-type counts
  vIN/vLv = flat-aware VISIBLE internals/leaves (excludes nodes buried inside flat subtrees)
  +hdr_est = pivco_raw + (vIN*7 + vLv*9) * NBLOCKS/8 bits per-block table-encoding overhead
  Lower = better.  Original size = 4194304 bytes (4MB).

  5 runs of 80M symbols each (20x 4M), drop 2 slowest, warn if spread > 5%
  PIVCO/trad decode in 16384-symbol blocks
  huf0 uses 128KB chunks (its max block size)
  CPU freq drift: +0.7% (OK)
  Total wall time: 84.6 seconds
