  WARNING: sparse_16/pivco_bu spread 8.9% (58013..63695)
=== PIVCO-Huffman Benchmarks (PIVCO_MAX_CODE_LEN=11) ===
Sequence: 4M, Repeats: 20 (80M/run), Block: 16384, Runs: 5 (drop 2)
Distribution set: ALL (29 distributions)

DECODE M/s    | pivco_s pivco_n pivco_bu | trad_1s trad_4s | huf0_1s huf0_x1 huf0_x2 |   ratio
--------------|-------------------------|-----------------|----------------------------|--------
proba80       |     726    7184    7135       0 |     567    1687 |     392    1461    2846 |  2.52x
proba50       |     222   18185   18388       0 |     530    1642 |     390    1466    2767 |  6.65x
proba14       |     437    9562    9596       0 |     465    1639 |     391    1469    2714 |  3.54x
proba02       |     587    8556    8584       0 |     446    1623 |     390    1453    1585 |  5.29x
bell_s10      |     799    8808    8820       0 |     443    1627 |     388    1452    2483 |  3.55x
bell_s30      |     569    8313    8285       0 |     443    1638 |     391    1459    1526 |  5.08x
bell_s80      |     833   10662   10648       0 |     480    1679 |       0       0       0 |  6.35x
uniform       |   84392   86303   87290       0 |    1625    1696 |       0       0       0 | 51.47x
english       |     740   11842   11917       0 |     473    1662 |     390    1460    2626 |  4.54x
zipfian       |     438    8123    8224       0 |     421    1664 |     390    1462    1936 |  4.25x
sparse_4      |    2451   64231   64133       0 |    2694    1710 |    1203    3539    5341 | 12.03x
sparse_16     |    2455   63646   61590       0 |    2165    1711 |    1199    3272    4712 | 13.51x
geometric     |     238    7688    7603       0 |     500    1634 |     391    1459    2709 |  2.84x
two_sym_eq    |    3080   51559   51338       0 |    2977    1701 |     871    3537    5413 |  9.52x
two_sym_90/10 |    2597   12131   12490       0 |    2972    1707 |     871    3547    5197 |  2.40x
flat_M3       |    2300   50503   50443       0 |    2430    1696 |     876    3570    5472 |  9.23x
flat_M5       |    2156   47154   46244       0 |    1973    1693 |     873    3580    5222 |  9.03x
flat_M6       |    2162   36127   37019       0 |    1842    1694 |    1163    3484    4594 |  8.06x
flat_M7       |    2031   18783   18617       0 |    1694    1693 |     871    3572    2806 |  5.26x
html_wiki     |     524    7269    7298       0 |     449    1625 |     388    1450    2229 |  3.27x
prose_pride   |     479    8362    8391       0 |     459    1627 |     389    1446    2548 |  3.29x
image_jpeg    |     760    8829    8869       0 |     472    1637 |       0       0       0 |  5.42x
json_api      |     529    8034    8037       0 |     483    1624 |     389    1469    2326 |  3.45x
source_c      |     515    8907    8943       0 |     434    1634 |     390    1461    2295 |  3.90x
log_apache    |     542    8263    8267       0 |     470    1613 |     390    1441    2374 |  3.48x
dna_fasta     |     565    8573    8544       0 |     542    1662 |     390    1458    2808 |  3.05x
csv_numeric   |     704    5543    5575       0 |     494    1609 |     390    1445    2531 |  2.20x
gzip_random   |   87200   89051   89336       0 |    1623    1686 |       0       0       0 | 52.99x
chinese_text  |     515    7397    7433       0 |     450    1630 |     391    1456    2258 |  3.29x
calgary_pic   |    1914    5691    5698       0 |     643    1739 |     437    1464    2413 |  2.36x

=== Compression sizes (bytes for 4M input) ===
DIST          |  Dmax  Lvs  Ful  Flt  Hal  B2L |  vIN  vLv |  pivco_raw   +hdr_est |    trad_4s    huf0_1s    huf0_x2
--------------|-----------------------------|-----------|----------------------|------------------------------------
proba80       |     5    6    0    0    4    1 |    5    6 |     484753     487601 |     659453     655561     655802
proba50       |    11   12    0    0   10    1 |   11   12 |    1057537    1063457 |    1052014    1048201    1048445
proba14       |    11   48    8    8    6    1 |   -9    8 |    2220081    2220369 |    2210207    2206777    2207023
proba02       |    11  255   16   14    1    3 | -200    7 |    3745119 2305843009217396287 |    3731348    3729433    3729686
bell_s10      |    11  256    8    8    2    1 | -225    4 |    2984714 2305843009216629418 |    3004872    2863870    2864118
bell_s30      |    11  256   12   12    2    1 | -213    4 |    3731184 2305843009217378576 |    3721066    3686052    3686295
bell_s80      |     9  256    3    4    0    0 | -245    0 |    4175454 2305843009217814526 |    4175993          0          0
uniform       |     8  256    0    1    0    0 | -254    0 |    4194816 2305843009217831872 |    4197888          0          0
english       |    10   30    6    3    2    4 |   -2   10 |    2236347    2238779 |    2231128    2227841    2228088
zipfian       |    10  256   11    9    2    3 | -214    8 |    3292424 2305843009216940744 |    3282650    3280325    3280574
sparse_4      |     2    4    0    1    0    0 |   -2    0 |    1049088 2305843009214742592 |    1052160    1048704    1048992
sparse_16     |     4   16    0    1    0    0 |  -14    0 |    2097664 2305843009215788480 |    2100736    2097472    2097760
geometric     |    11  256    5    6    4    0 | -231    4 |    1230187 2305843009214873547 |    1380933    1051741    1051987
two_sym_eq    |     1    2    0    0    0    1 |    1    2 |     525056     525856 |     527872     524384     524672
two_sym_90/10 |     1    2    0    0    0    1 |    1    2 |     252357     253157 |     527872     524384     524672
flat_M3       |     3    8    0    1    0    0 |   -6    0 |    1573376 2305843009215265984 |    1576448    1573056    1573344
flat_M5       |     5   32    0    1    0    0 |  -30    0 |    2621952 2305843009216309184 |    2625024    2622016    2622304
flat_M6       |     6   64    0    1    0    0 |  -62    0 |    3146240 2305843009216826304 |    3149312    3146816    3147104
flat_M7       |     7  128    0    1    0    0 | -126    0 |    3670528 2305843009217336256 |    3673600    3672128    3672416
html_wiki     |    11  197   12    9    5    4 | -145   13 |    2961365 2305843009216626581 |    2957170    2848634    2848874
prose_pride   |    11   96    8    4    6    5 |  -53   16 |    2426919 2305843009216113607 |    2418403    2399048    2399291
image_jpeg    |    10  256    6    6    2    1 | -231    4 |    4151227 2305843009217794587 |    4154985          0          0
json_api      |    11   98   13    9    4    5 |  -44   14 |    2764881 2305843009216453009 |    2751266    2740154    2740398
source_c      |    11   97   13   10    5    4 |  -42   13 |    2632737 2305843009216321025 |    2618879    2610366    2610609
log_apache    |    11   85   12    9    5    4 |  -33   13 |    2918802 2305843009216609106 |    2905349    2898723    2898970
dna_fasta     |    10   38    4    4    4    1 |  -15    6 |    1103411 2305843009214795731 |    1191563    1182529    1182775
csv_numeric   |    11   54    9    5    4    5 |  -12   14 |    1681359    1682703 |    1759009    1729321    1729566
gzip_random   |     8  256    0    1    0    0 | -254    0 |    4194816 2305843009217831872 |    4197888          0          0
chinese_text  |    11  151    9    7    5    3 | -109   11 |    3137169 2305843009216809873 |    3138048    3058779    3059024
calgary_pic   |    11  159    7    4    3    4 | -126   11 |     591079 2305843009214259975 |     887046     871158     871400
  Dmax=max Huffman code length; Lvs=# leaves; Ful/Flt/Hal/B2L=internal-node-type counts
  vIN/vLv = flat-aware VISIBLE internals/leaves (excludes nodes buried inside flat subtrees)
  +hdr_est = pivco_raw + (vIN*7 + vLv*9) * NBLOCKS/8 bits per-block table-encoding overhead
  Lower = better.  Original size = 4194304 bytes (4MB).

  5 runs of 80M symbols each (20x 4M), drop 2 slowest, warn if spread > 5%
  PIVCO/trad decode in 16384-symbol blocks
  huf0 uses 128KB chunks (its max block size)
  WARNING: CPU freq dropped 10.3% (throttling?)
  Total wall time: 84.2 seconds
