  WARNING: sparse_16/pivco_n spread 5.9% (67433..71636)
  WARNING: sparse_16/pivco_bu spread 6.0% (67324..71636)
=== PIVCO-Huffman Benchmarks (PIVCO_MAX_CODE_LEN=11) ===
Sequence: 4M, Repeats: 20 (80M/run), Block: 16384, Runs: 5 (drop 2)
Distribution set: ALL (29 distributions)

DECODE M/s    | pivco_s pivco_n pivco_bu | trad_1s trad_4s | huf0_1s huf0_x1 huf0_x2 |   ratio
--------------|-------------------------|-----------------|----------------------------|--------
proba80       |     732    7632    7627       0 |     560    1753 |     392    1509    2906 |  2.63x
proba50       |     221   17002   17172       0 |     529    1662 |     390    1492    2800 |  6.13x
proba14       |     829   12573   12545       0 |     473    1681 |     391    1515    2774 |  4.53x
proba02       |     743   10921   10943       0 |     449    1664 |     390    1485    1623 |  6.58x
bell_s10      |     809    8449    8469       0 |     451    1663 |     388    1498    2546 |  3.33x
bell_s30      |     864   12605   12649       0 |     473    1677 |     391    1501    1570 |  7.54x
bell_s80      |   88394   89718   90786       0 |    1643    1725 |       0       0       0 | 52.62x
uniform       |   87931   87109   88394       0 |    1646    1733 |       0       0       0 | 51.00x
english       |     747   11695   11775       0 |     476    1703 |     390    1504    2689 |  4.38x
zipfian       |     638    8704    8701       0 |     426    1697 |     390    1499    1983 |  4.39x
sparse_4      |    2494   70730   70022       0 |    2693    1721 |    1198    3611    5462 | 12.95x
sparse_16     |    2496   69213   70315       0 |    2176    1720 |    1196    3363    5034 | 13.97x
geometric     |     344    5570    5478       0 |     518    1680 |     391    1508    2841 |  1.96x
two_sym_eq    |    3126   54507   53465       0 |    3028    1739 |     871    3613    5544 |  9.83x
two_sym_90/10 |    2623   12662   12653       0 |    3023    1740 |     872    3627    5323 |  2.38x
flat_M3       |    2339   57456   57378       0 |    2454    1734 |     914    3641    5577 | 10.30x
flat_M5       |    2171   49461   50201       0 |    1993    1730 |     870    3639    5371 |  9.35x
flat_M6       |    2184   37736   38908       0 |    1861    1723 |    1170    3558    4727 |  8.23x
flat_M7       |    2065   19253   19135       0 |    1720    1708 |     884    3588    2824 |  5.37x
html_wiki     |     744    8014    7836       0 |     462    1661 |     388    1487    2273 |  3.53x
prose_pride   |     585   12422   12452       0 |     466    1664 |     389    1487    2608 |  4.78x
image_jpeg    |   88487   86391   89051       0 |    1637    1698 |       0       0       0 | 52.45x
json_api      |     861   13852   13898       0 |     485    1666 |     389    1507    2377 |  5.85x
source_c      |     680   13152   13246       0 |     440    1663 |     389    1493    2290 |  5.78x
log_apache    |     839   12967   13058       0 |     487    1665 |     390    1510    2428 |  5.38x
dna_fasta     |     579    9068    9009       0 |     539    1703 |     390    1502    2858 |  3.17x
csv_numeric   |     717    5561    5548       0 |     495    1667 |     390    1503    2600 |  2.14x
gzip_random   |   87931   88208   88023       0 |    1635    1722 |       0       0       0 | 51.23x
chinese_text  |     824   10340   10381       0 |     472    1635 |     391    1469    2311 |  4.49x
calgary_pic   |    1954    5861    5896       0 |     644    1770 |     437    1472    2493 |  2.36x

=== Compression sizes (bytes for 4M input) ===
DIST          |  Dmax  Lvs  Ful  Flt  Hal  B2L |  vIN  vLv |  pivco_raw   +hdr_est |    trad_4s    huf0_1s    huf0_x2
--------------|-----------------------------|-----------|----------------------|------------------------------------
proba80       |     5    6    3    0    1    1 |    5    6 |     484753     487601 |     659453     655561     655802
proba50       |    11   12    9    0    1    1 |   11   12 |    1057537    1063457 |    1052014    1048201    1048445
proba14       |    11   48    7    6    1    1 |  -23    4 |    2230752 2305843009215920704 |    2226906    2206777    2207023
proba02       |    11  255   10    9    0    1 | -223    3 |    3744789 2305843009217389653 |    3738423    3729433    3729686
bell_s10      |    11  256   10    8    0    1 | -225    4 |    2984714 2305843009216629418 |    3004872    2863870    2864118
bell_s30      |    11  256    6    7    0    0 | -236    0 |    3707073 2305843009217348161 |    3704763    3686052    3686295
bell_s80      |     8  256    0    1    0    0 | -254    0 |    4194816 2305843009217831872 |    4197888          0          0
uniform       |     8  256    0    1    0    0 | -254    0 |    4194816 2305843009217831872 |    4197888          0          0
english       |    10   30    8    3    1    3 |   -2   10 |    2236347    2238779 |    2231128    2227841    2228088
zipfian       |    10  256    8    7    1    1 | -228    4 |    3304392 2305843009216948424 |    3299610    3280325    3280574
sparse_4      |     2    4    0    1    0    0 |   -2    0 |    1049088 2305843009214742592 |    1052160    1048704    1048992
sparse_16     |     4   16    0    1    0    0 |  -14    0 |    2097664 2305843009215788480 |    2100736    2097472    2097760
geometric     |    11  256    9    5    1    2 | -226    8 |    1099400 2305843009214745032 |    1182279    1051741    1051987
two_sym_eq    |     1    2    0    0    1    0 |    1    2 |     525056     525856 |     527872     524384     524672
two_sym_90/10 |     1    2    0    0    1    0 |    1    2 |     252357     253157 |     527872     524384     524672
flat_M3       |     3    8    0    1    0    0 |   -6    0 |    1573376 2305843009215265984 |    1576448    1573056    1573344
flat_M5       |     5   32    0    1    0    0 |  -30    0 |    2621952 2305843009216309184 |    2625024    2622016    2622304
flat_M6       |     6   64    0    1    0    0 |  -62    0 |    3146240 2305843009216826304 |    3149312    3146816    3147104
flat_M7       |     7  128    0    1    0    0 | -126    0 |    3670528 2305843009217336256 |    3673600    3672128    3672416
html_wiki     |    11  197   10    8    1    1 | -164    5 |    2919992 2305843009216578648 |    2933231    2848634    2848874
prose_pride   |    11   96    9    8    1    1 |  -65    4 |    2429762 2305843009216110306 |    2424288    2399048    2399291
image_jpeg    |     8  256    0    1    0    0 | -254    0 |    4194816 2305843009217831872 |    4197888          0          0
json_api      |    11   98    7    7    1    0 |  -74    2 |    2770982 2305843009216448934 |    2767032    2740154    2740398
source_c      |    11   97    7    8    1    0 |  -72    1 |    2648917 2305843009216327029 |    2644968    2610366    2610609
log_apache    |    11   85    6    7    1    0 |  -63    1 |    2928652 2305843009216608780 |    2925550    2898723    2898970
dna_fasta     |    10   38    8    4    1    0 |  -15    6 |    1103411 2305843009214795731 |    1191563    1182529    1182775
csv_numeric   |    11   54   13    5    1    4 |  -12   14 |    1681359    1682703 |    1759009    1729321    1729566
gzip_random   |     8  256    0    1    0    0 | -254    0 |    4194816 2305843009217831872 |    4197888          0          0
chinese_text  |    11  151   10    4    1    3 | -118   11 |    3101517 2305843009216772205 |    3110054    3058779    3059024
calgary_pic   |    11  159    9    4    1    4 | -126   11 |     591079 2305843009214259975 |     887046     871158     871400
  Dmax=max Huffman code length; Lvs=# leaves; Ful/Flt/Hal/B2L=internal-node-type counts
  vIN/vLv = flat-aware VISIBLE internals/leaves (excludes nodes buried inside flat subtrees)
  +hdr_est = pivco_raw + (vIN*7 + vLv*9) * NBLOCKS/8 bits per-block table-encoding overhead
  Lower = better.  Original size = 4194304 bytes (4MB).

  5 runs of 80M symbols each (20x 4M), drop 2 slowest, warn if spread > 5%
  PIVCO/trad decode in 16384-symbol blocks
  huf0 uses 128KB chunks (its max block size)
  CPU freq drift: +28.7% (OK)
  Total wall time: 77.4 seconds
