  WARNING: sparse_16/pivco_bu spread 5.7% (65028..68985)
=== PIVCO-Huffman Benchmarks (PIVCO_MAX_CODE_LEN=11) ===
Sequence: 4M, Repeats: 20 (80M/run), Block: 16384, Runs: 5 (drop 2)
Distribution set: ALL (29 distributions)

DECODE M/s    | pivco_s pivco_n pivco_bu | trad_1s trad_4s | huf0_1s huf0_x1 huf0_x2 |   ratio
--------------|-------------------------|-----------------|----------------------------|--------
proba80       |     708    7397    7410       0 |     568    1701 |     392    1470    2810 |  2.64x
proba50       |     222   16539   16578       0 |     529    1610 |     391    1440    2719 |  6.10x
proba14       |     434    9260    9319       0 |     463    1624 |     391    1456    2655 |  3.51x
proba02       |     587    8217    8238       0 |     442    1617 |     390    1456    1602 |  5.10x
bell_s10      |     796    7996    8030       0 |     438    1634 |     388    1456    2474 |  3.25x
bell_s30      |     566    8091    8006       0 |     441    1601 |     391    1430    1522 |  5.05x
bell_s80      |     833   10307   10369       0 |     477    1680 |       0       0       0 |  6.17x
uniform       |   84477   85949   86929       0 |    1610    1689 |       0       0       0 | 51.46x
english       |     737   11483   11494       0 |     470    1653 |     390    1454    2646 |  4.34x
zipfian       |     436    7732    7751       0 |     419    1650 |     389    1450    1933 |  4.01x
sparse_4      |    2448   70671   69156       0 |    2659    1707 |    1203    3560    5349 | 13.21x
sparse_16     |    2454   66418   66471       0 |    2137    1703 |    1196    3307    4875 | 13.63x
geometric     |     238    7262    7234       0 |     500    1623 |     391    1454    2720 |  2.67x
two_sym_eq    |    3023   50564   50902       0 |    2980    1703 |     871    3550    5392 |  9.44x
two_sym_90/10 |    2544   12065   12004       0 |    2981    1708 |     872    3550    5182 |  2.33x
flat_M3       |    2293   54190   54120       0 |    2431    1697 |     873    3566    5422 |  9.99x
flat_M5       |    2171   47313   46838       0 |    1978    1692 |     870    3585    5199 |  9.10x
flat_M6       |    2175   36267   36600       0 |    1840    1680 |    1145    3496    4567 |  8.01x
flat_M7       |    2038   18288   18228       0 |    1694    1674 |     868    3542    2775 |  5.16x
html_wiki     |     521    7055    7088       0 |     445    1618 |     388    1443    2245 |  3.16x
prose_pride   |     477    7925    7927       0 |     452    1616 |     389    1439    2535 |  3.13x
image_jpeg    |     759    8433    8440       0 |     470    1630 |       0       0       0 |  5.18x
json_api      |     533    7760    7737       0 |     474    1613 |     389    1453    2318 |  3.35x
source_c      |     513    8525    8553       0 |     427    1625 |     389    1455    2272 |  3.76x
log_apache    |     542    7964    7909       0 |     463    1597 |     389    1435    2363 |  3.37x
dna_fasta     |     561    8763    8708       0 |     542    1651 |     391    1448    2802 |  3.13x
csv_numeric   |     698    5414    5439       0 |     489    1600 |     390    1445    2516 |  2.16x
gzip_random   |   85511   86303   87747       0 |    1618    1681 |       0       0       0 | 52.20x
chinese_text  |     505    6942    6970       0 |     445    1625 |     391    1447    2239 |  3.11x
calgary_pic   |    1881    5649    5665       0 |     640    1730 |     437    1454    2385 |  2.38x

=== Compression sizes (bytes for 4M input) ===
DIST          |  Dmax  Lvs  Ful  Flt  Hal  B2L |  vIN  vLv |  pivco_raw   +hdr_est |    trad_4s    huf0_1s    huf0_x2
--------------|-----------------------------|-----------|----------------------|------------------------------------
proba80       |     5    6    3    0    1    1 |    5    6 |     484753     487601 |     659453     655561     655802
proba50       |    11   12    9    0    1    1 |   11   12 |    1057537    1063457 |    1052014    1048201    1048445
proba14       |    11   48   14    8    1    0 |   -9    8 |    2220081    2220369 |    2210207    2206777    2207023
proba02       |    11  255   17   14    0    3 | -200    7 |    3745119 2305843009217396287 |    3731348    3729433    3729686
bell_s10      |    11  256   10    8    0    1 | -225    4 |    2984714 2305843009216629418 |    3004872    2863870    2864118
bell_s30      |    11  256   14   12    0    1 | -213    4 |    3731184 2305843009217378576 |    3721066    3686052    3686295
bell_s80      |     9  256    3    4    0    0 | -245    0 |    4175454 2305843009217814526 |    4175993          0          0
uniform       |     8  256    0    1    0    0 | -254    0 |    4194816 2305843009217831872 |    4197888          0          0
english       |    10   30    8    3    1    3 |   -2   10 |    2236347    2238779 |    2231128    2227841    2228088
zipfian       |    10  256   12    9    1    3 | -214    8 |    3292424 2305843009216940744 |    3282650    3280325    3280574
sparse_4      |     2    4    0    1    0    0 |   -2    0 |    1049088 2305843009214742592 |    1052160    1048704    1048992
sparse_16     |     4   16    0    1    0    0 |  -14    0 |    2097664 2305843009215788480 |    2100736    2097472    2097760
geometric     |    11  256    8    6    1    0 | -231    4 |    1230187 2305843009214873547 |    1380933    1051741    1051987
two_sym_eq    |     1    2    0    0    1    0 |    1    2 |     525056     525856 |     527872     524384     524672
two_sym_90/10 |     1    2    0    0    1    0 |    1    2 |     252357     253157 |     527872     524384     524672
flat_M3       |     3    8    0    1    0    0 |   -6    0 |    1573376 2305843009215265984 |    1576448    1573056    1573344
flat_M5       |     5   32    0    1    0    0 |  -30    0 |    2621952 2305843009216309184 |    2625024    2622016    2622304
flat_M6       |     6   64    0    1    0    0 |  -62    0 |    3146240 2305843009216826304 |    3149312    3146816    3147104
flat_M7       |     7  128    0    1    0    0 | -126    0 |    3670528 2305843009217336256 |    3673600    3672128    3672416
html_wiki     |    11  197   17    9    0    4 | -145   13 |    2961365 2305843009216626581 |    2957170    2848634    2848874
prose_pride   |    11   96   14    4    1    4 |  -53   16 |    2426919 2305843009216113607 |    2418403    2399048    2399291
image_jpeg    |    10  256    7    6    1    1 | -231    4 |    4151227 2305843009217794587 |    4154985          0          0
json_api      |    11   98   16    9    1    5 |  -44   14 |    2764881 2305843009216453009 |    2751266    2740154    2740398
source_c      |    11   97   17   10    1    4 |  -42   13 |    2632737 2305843009216321025 |    2618879    2610366    2610609
log_apache    |    11   85   17    9    0    4 |  -33   13 |    2918802 2305843009216609106 |    2905349    2898723    2898970
dna_fasta     |    10   38    8    4    1    0 |  -15    6 |    1103411 2305843009214795731 |    1191563    1182529    1182775
csv_numeric   |    11   54   13    5    1    4 |  -12   14 |    1681359    1682703 |    1759009    1729321    1729566
gzip_random   |     8  256    0    1    0    0 | -254    0 |    4194816 2305843009217831872 |    4197888          0          0
chinese_text  |    11  151   14    7    1    2 | -109   11 |    3137169 2305843009216809873 |    3138048    3058779    3059024
calgary_pic   |    11  159    9    4    1    4 | -126   11 |     591079 2305843009214259975 |     887046     871158     871400
  Dmax=max Huffman code length; Lvs=# leaves; Ful/Flt/Hal/B2L=internal-node-type counts
  vIN/vLv = flat-aware VISIBLE internals/leaves (excludes nodes buried inside flat subtrees)
  +hdr_est = pivco_raw + (vIN*7 + vLv*9) * NBLOCKS/8 bits per-block table-encoding overhead
  Lower = better.  Original size = 4194304 bytes (4MB).

  5 runs of 80M symbols each (20x 4M), drop 2 slowest, warn if spread > 5%
  PIVCO/trad decode in 16384-symbol blocks
  huf0 uses 128KB chunks (its max block size)
  CPU freq drift: -3.4% (OK)
  Total wall time: 84.6 seconds
