  WARNING: sparse_16/pivco_n spread 5.6% (63263..67002)
  WARNING: sparse_16/pivco_bu spread 11.7% (58950..66788)
=== PIVCO-Huffman Benchmarks (PIVCO_MAX_CODE_LEN=11) ===
Sequence: 4M, Repeats: 20 (80M/run), Block: 16384, Runs: 5 (drop 2)
Distribution set: ALL (29 distributions)

DECODE M/s    | pivco_s pivco_n pivco_bu | trad_1s trad_4s | huf0_1s huf0_x1 huf0_x2 |   ratio
--------------|-------------------------|-----------------|----------------------------|--------
proba80       |     729    7937    7955       0 |     567    1821 |     392    1511    2946 |  2.70x
proba50       |     222   19148   19414       0 |     530    1745 |     390    1509    2895 |  6.70x
proba14       |     464    9916   10011       0 |     470    1733 |     391    1516    2826 |  3.54x
proba02       |     613    8858    8928       0 |     451    1679 |     390    1501    1682 |  5.31x
bell_s10      |     829    8855    8796       0 |     451    1713 |     388    1502    2600 |  3.41x
bell_s30      |     586    8433    8605       0 |     451    1710 |     391    1501    1589 |  5.03x
bell_s80      |     864   10889   10856       0 |     480    1776 |       0       0       0 |  6.13x
uniform       |   91082   92081   92386       0 |    1674    1766 |       0       0       0 | 52.31x
english       |     777   12108   12094       0 |     476    1748 |     390    1508    2783 |  4.35x
zipfian       |     454    8334    8364       0 |     430    1700 |     390    1501    2031 |  4.12x
sparse_4      |    2533   66841   66523       0 |    2748    1782 |    1203    3588    5645 | 11.84x
sparse_16     |    2531   66366   66471       0 |    2248    1766 |    1201    3337    4835 | 13.75x
geometric     |     238    7908    8118       0 |     500    1711 |     391    1508    2876 |  2.82x
two_sym_eq    |    3181   52429   52331       0 |    3092    1768 |     870    3665    5638 |  9.30x
two_sym_90/10 |    2673   12782   12739       0 |    3049    1772 |     872    3668    5462 |  2.34x
flat_M3       |    2352   51559   51338       0 |    2484    1763 |     872    3707    5681 |  9.08x
flat_M5       |    2207   47074   47154       0 |    2034    1751 |     868    3691    5357 |  8.80x
flat_M6       |    2208   37787   37685       0 |    1889    1747 |    1170    3605    4824 |  7.83x
flat_M7       |    2073   19178   19450       0 |    1747    1728 |     868    3671    2870 |  5.30x
html_wiki     |     534    7535    7462       0 |     456    1663 |     388    1490    2359 |  3.19x
prose_pride   |     497    8522    8566       0 |     463    1684 |     389    1500    2627 |  3.26x
image_jpeg    |     780    8940    8914       0 |     476    1720 |       0       0       0 |  5.20x
json_api      |     545    8126    8177       0 |     485    1682 |     388    1507    2414 |  3.39x
source_c      |     532    9081    9071       0 |     440    1691 |     390    1508    2380 |  3.82x
log_apache    |     558    8328    8341       0 |     476    1661 |     390    1494    2400 |  3.47x
dna_fasta     |     583    8889    8843       0 |     542    1713 |     391    1507    2914 |  3.05x
csv_numeric   |     710    5759    5774       0 |     494    1680 |     390    1488    2624 |  2.20x
gzip_random   |   90590   91479   92081       0 |    1657    1739 |       0       0       0 | 52.96x
chinese_text  |     521    7684    7604       0 |     459    1656 |     391    1483    2349 |  3.27x
calgary_pic   |    1959    5926    5934       0 |     644    1790 |     437    1487    2501 |  2.37x

=== Compression sizes (bytes for 4M input) ===
DIST          |  Dmax  Lvs  Ful  Flt  Hal  B2L |  vIN  vLv |  pivco_raw   +hdr_est |    trad_4s    huf0_1s    huf0_x2
--------------|-----------------------------|-----------|----------------------|------------------------------------
proba80       |     5    6    0    0    4    1 |    5    6 |     484753     487601 |     659453     655561     655802
proba50       |    11   12    0    0   10    1 |   11   12 |    1057537    1063457 |    1052014    1048201    1048445
proba14       |    11   48    8    8    6    1 |   -9    8 |    2220081    2220369 |    2210207    2206777    2207023
proba02       |    11  255   16   14    1    3 | -200    7 |    3745119 2305843009217396287 |    3731348    3729433    3729686
bell_s10      |    11  256    8    8    2    1 | -225    4 |    2984714 2305843009216629418 |    3004872    2863870    2864118
bell_s30      |    11  256   12   12    2    1 | -213    4 |    3731184 2305843009217378576 |    3721066    3686052    3686295
bell_s80      |     9  256    3    4    0    0 | -245    0 |    4175454 2305843009217814526 |    4175993          0          0
uniform       |     8  256    0    1    0    0 | -254    0 |    4194816 2305843009217831872 |    4197888          0          0
english       |    10   30    6    3    2    4 |   -2   10 |    2236347    2238779 |    2231128    2227841    2228088
zipfian       |    10  256   11    9    2    3 | -214    8 |    3292424 2305843009216940744 |    3282650    3280325    3280574
sparse_4      |     2    4    0    1    0    0 |   -2    0 |    1049088 2305843009214742592 |    1052160    1048704    1048992
sparse_16     |     4   16    0    1    0    0 |  -14    0 |    2097664 2305843009215788480 |    2100736    2097472    2097760
geometric     |    11  256    5    6    4    0 | -231    4 |    1230187 2305843009214873547 |    1380933    1051741    1051987
two_sym_eq    |     1    2    0    0    0    1 |    1    2 |     525056     525856 |     527872     524384     524672
two_sym_90/10 |     1    2    0    0    0    1 |    1    2 |     252357     253157 |     527872     524384     524672
flat_M3       |     3    8    0    1    0    0 |   -6    0 |    1573376 2305843009215265984 |    1576448    1573056    1573344
flat_M5       |     5   32    0    1    0    0 |  -30    0 |    2621952 2305843009216309184 |    2625024    2622016    2622304
flat_M6       |     6   64    0    1    0    0 |  -62    0 |    3146240 2305843009216826304 |    3149312    3146816    3147104
flat_M7       |     7  128    0    1    0    0 | -126    0 |    3670528 2305843009217336256 |    3673600    3672128    3672416
html_wiki     |    11  197   12    9    5    4 | -145   13 |    2961365 2305843009216626581 |    2957170    2848634    2848874
prose_pride   |    11   96    8    4    6    5 |  -53   16 |    2426919 2305843009216113607 |    2418403    2399048    2399291
image_jpeg    |    10  256    6    6    2    1 | -231    4 |    4151227 2305843009217794587 |    4154985          0          0
json_api      |    11   98   13    9    4    5 |  -44   14 |    2764881 2305843009216453009 |    2751266    2740154    2740398
source_c      |    11   97   13   10    5    4 |  -42   13 |    2632737 2305843009216321025 |    2618879    2610366    2610609
log_apache    |    11   85   12    9    5    4 |  -33   13 |    2918802 2305843009216609106 |    2905349    2898723    2898970
dna_fasta     |    10   38    4    4    4    1 |  -15    6 |    1103411 2305843009214795731 |    1191563    1182529    1182775
csv_numeric   |    11   54    9    5    4    5 |  -12   14 |    1681359    1682703 |    1759009    1729321    1729566
gzip_random   |     8  256    0    1    0    0 | -254    0 |    4194816 2305843009217831872 |    4197888          0          0
chinese_text  |    11  151    9    7    5    3 | -109   11 |    3137169 2305843009216809873 |    3138048    3058779    3059024
calgary_pic   |    11  159    7    4    3    4 | -126   11 |     591079 2305843009214259975 |     887046     871158     871400
  Dmax=max Huffman code length; Lvs=# leaves; Ful/Flt/Hal/B2L=internal-node-type counts
  vIN/vLv = flat-aware VISIBLE internals/leaves (excludes nodes buried inside flat subtrees)
  +hdr_est = pivco_raw + (vIN*7 + vLv*9) * NBLOCKS/8 bits per-block table-encoding overhead
  Lower = better.  Original size = 4194304 bytes (4MB).

  5 runs of 80M symbols each (20x 4M), drop 2 slowest, warn if spread > 5%
  PIVCO/trad decode in 16384-symbol blocks
  huf0 uses 128KB chunks (its max block size)
  CPU freq drift: +53.4% (OK)
  Total wall time: 82.8 seconds
