=== PIVCO-Huffman Benchmarks (PIVCO_MAX_CODE_LEN=11) ===
Sequence: 4M, Repeats: 20 (80M/run), Block: 16384, Runs: 5 (drop 2)
Distribution set: ALL (29 distributions)

DECODE M/s    | pivco_s pivco_n pivco_bu | trad_1s trad_4s | huf0_1s huf0_x1 huf0_x2 |   ratio
--------------|-------------------------|-----------------|----------------------------|--------
proba80       |     733    7293    7279       0 |     567    1697 |     392    1458    2849 |  2.56x
proba50       |     222   19812   19780       0 |     530    1635 |     391    1470    2770 |  7.15x
proba14       |     437    9751    9739       0 |     465    1631 |     391    1471    2718 |  3.59x
proba02       |     584    8740    8747       0 |     444    1617 |     390    1456    1616 |  5.41x
bell_s10      |     798    8624    8598       0 |     444    1616 |     388    1453    2495 |  3.46x
bell_s30      |     568    8417    8414       0 |     443    1623 |     391    1464    1519 |  5.19x
bell_s80      |     831   10756   10733       0 |     480    1682 |       0       0       0 |  6.39x
uniform       |   88023   88301   88675       0 |    1612    1669 |       0       0       0 | 53.12x
english       |     742   12156   12136       0 |     475    1659 |     390    1469    2656 |  4.58x
zipfian       |     437    8286    8268       0 |     423    1656 |     390    1459    1936 |  4.28x
sparse_4      |    2459   69789   69789       0 |    2671    1710 |    1204    3556    5389 | 12.95x
sparse_16     |    2461   73391   73455       0 |    2177    1711 |    1186    3260    4712 | 15.59x
geometric     |     239    7858    7841       0 |     500    1620 |     391    1460    2757 |  2.85x
two_sym_eq    |    3008   53842   53636       0 |    2973    1683 |     873    3564    5457 |  9.87x
two_sym_90/10 |    2534   12325   12316       0 |    2976    1689 |     873    3560    5237 |  2.35x
flat_M3       |    2307   59033   59116       0 |    2427    1675 |    1681    3581    5474 | 10.80x
flat_M5       |    2203   50412   51026       0 |    1970    1681 |     868    3589    5255 |  9.71x
flat_M6       |    2194   36236   37299       0 |    1847    1693 |    1138    3508    4618 |  8.08x
flat_M7       |    2046   19563   19436       0 |    1704    1694 |     869    3568    2782 |  5.48x
html_wiki     |     524    7541    7537       0 |     451    1614 |     388    1457    2233 |  3.38x
prose_pride   |     481    8695    8662       0 |     460    1616 |     389    1464    2512 |  3.46x
image_jpeg    |     755    8877    9060       0 |     475    1635 |       0       0       0 |  5.54x
json_api      |     529    8202    8209       0 |     483    1618 |     389    1457    2303 |  3.56x
source_c      |     514    9243    9248       0 |     433    1627 |     389    1469    2301 |  4.02x
log_apache    |     542    8488    8450       0 |     472    1599 |     390    1457    2376 |  3.57x
dna_fasta     |     564    9082    9032       0 |     542    1666 |     390    1473    2785 |  3.26x
csv_numeric   |     697    5532    5815       0 |     494    1600 |     390    1452    2535 |  2.29x
gzip_random   |   88862   90590   90590       0 |    1614    1696 |       0       0       0 | 53.42x
chinese_text  |     512    7743    7719       0 |     450    1623 |     391    1460    2256 |  3.43x
calgary_pic   |    1895    5601    5603       0 |     644    1721 |     437    1456    2412 |  2.32x

=== Compression sizes (bytes for 4M input) ===
DIST          |  Dmax  Lvs  Ful  Flt  Hal  B2L |  vIN  vLv |  pivco_raw   +hdr_est |    trad_4s    huf0_1s    huf0_x2
--------------|-----------------------------|-----------|----------------------|------------------------------------
proba80       |     5    6    0    0    4    1 |    5    6 |     484753     487601 |     659453     655561     655802
proba50       |    11   12    0    0   10    1 |   11   12 |    1057537    1063457 |    1052014    1048201    1048445
proba14       |    11   48    8    8    6    1 |   -9    8 |    2220081    2220369 |    2210207    2206777    2207023
proba02       |    11  255   16   14    1    3 | -200    7 |    3745119 2305843009217396287 |    3731348    3729433    3729686
bell_s10      |    11  256    8    8    2    1 | -225    4 |    2984714 2305843009216629418 |    3004872    2863870    2864118
bell_s30      |    11  256   12   12    2    1 | -213    4 |    3731184 2305843009217378576 |    3721066    3686052    3686295
bell_s80      |     9  256    3    4    0    0 | -245    0 |    4175454 2305843009217814526 |    4175993          0          0
uniform       |     8  256    0    1    0    0 | -254    0 |    4194816 2305843009217831872 |    4197888          0          0
english       |    10   30    6    3    2    4 |   -2   10 |    2236347    2238779 |    2231128    2227841    2228088
zipfian       |    10  256   11    9    2    3 | -214    8 |    3292424 2305843009216940744 |    3282650    3280325    3280574
sparse_4      |     2    4    0    1    0    0 |   -2    0 |    1049088 2305843009214742592 |    1052160    1048704    1048992
sparse_16     |     4   16    0    1    0    0 |  -14    0 |    2097664 2305843009215788480 |    2100736    2097472    2097760
geometric     |    11  256    5    6    4    0 | -231    4 |    1230187 2305843009214873547 |    1380933    1051741    1051987
two_sym_eq    |     1    2    0    0    0    1 |    1    2 |     525056     525856 |     527872     524384     524672
two_sym_90/10 |     1    2    0    0    0    1 |    1    2 |     252357     253157 |     527872     524384     524672
flat_M3       |     3    8    0    1    0    0 |   -6    0 |    1573376 2305843009215265984 |    1576448    1573056    1573344
flat_M5       |     5   32    0    1    0    0 |  -30    0 |    2621952 2305843009216309184 |    2625024    2622016    2622304
flat_M6       |     6   64    0    1    0    0 |  -62    0 |    3146240 2305843009216826304 |    3149312    3146816    3147104
flat_M7       |     7  128    0    1    0    0 | -126    0 |    3670528 2305843009217336256 |    3673600    3672128    3672416
html_wiki     |    11  197   12    9    5    4 | -145   13 |    2961365 2305843009216626581 |    2957170    2848634    2848874
prose_pride   |    11   96    8    4    6    5 |  -53   16 |    2426919 2305843009216113607 |    2418403    2399048    2399291
image_jpeg    |    10  256    6    6    2    1 | -231    4 |    4151227 2305843009217794587 |    4154985          0          0
json_api      |    11   98   13    9    4    5 |  -44   14 |    2764881 2305843009216453009 |    2751266    2740154    2740398
source_c      |    11   97   13   10    5    4 |  -42   13 |    2632737 2305843009216321025 |    2618879    2610366    2610609
log_apache    |    11   85   12    9    5    4 |  -33   13 |    2918802 2305843009216609106 |    2905349    2898723    2898970
dna_fasta     |    10   38    4    4    4    1 |  -15    6 |    1103411 2305843009214795731 |    1191563    1182529    1182775
csv_numeric   |    11   54    9    5    4    5 |  -12   14 |    1681359    1682703 |    1759009    1729321    1729566
gzip_random   |     8  256    0    1    0    0 | -254    0 |    4194816 2305843009217831872 |    4197888          0          0
chinese_text  |    11  151    9    7    5    3 | -109   11 |    3137169 2305843009216809873 |    3138048    3058779    3059024
calgary_pic   |    11  159    7    4    3    4 | -126   11 |     591079 2305843009214259975 |     887046     871158     871400
  Dmax=max Huffman code length; Lvs=# leaves; Ful/Flt/Hal/B2L=internal-node-type counts
  vIN/vLv = flat-aware VISIBLE internals/leaves (excludes nodes buried inside flat subtrees)
  +hdr_est = pivco_raw + (vIN*7 + vLv*9) * NBLOCKS/8 bits per-block table-encoding overhead
  Lower = better.  Original size = 4194304 bytes (4MB).

  5 runs of 80M symbols each (20x 4M), drop 2 slowest, warn if spread > 5%
  PIVCO/trad decode in 16384-symbol blocks
  huf0 uses 128KB chunks (its max block size)
  CPU freq drift: +40.3% (OK)
  Total wall time: 84.0 seconds
