  WARNING: sparse_16/pivco_bu spread 6.2% (66576..70970)
=== PIVCO-Huffman Benchmarks (PIVCO_MAX_CODE_LEN=11) ===
Sequence: 4M, Repeats: 20 (80M/run), Block: 16384, Runs: 5 (drop 2)
Distribution set: ALL (29 distributions)

DECODE M/s    | pivco_s pivco_n pivco_bu | trad_1s trad_4s | huf0_1s huf0_x1 huf0_x2 |   ratio
--------------|-------------------------|-----------------|----------------------------|--------
proba80       |     725    7769    7726       0 |     570    1743 |     390    1491    2822 |  2.75x
proba50       |     222   17936   17898       0 |     530    1664 |     389    1487    2797 |  6.41x
proba14       |     444    9628    9877       0 |     470    1640 |     389    1481    2736 |  3.61x
proba02       |     591    8726    8718       0 |     449    1644 |     389    1464    1621 |  5.31x
bell_s10      |     798    8355    8325       0 |     451    1636 |     388    1468    2468 |  3.38x
bell_s30      |     569    8511    8509       0 |     451    1632 |     389    1474    1524 |  5.21x
bell_s80      |     838   10477   10883       0 |     480    1705 |       0       0       0 |  6.38x
uniform       |   87839   88394   90884       0 |    1622    1697 |       0       0       0 | 53.57x
english       |     746   11833   11808       0 |     474    1685 |     389    1478    2681 |  4.41x
zipfian       |     437    8267    8260       0 |     423    1687 |     389    1464    1951 |  4.24x
sparse_4      |    2452   70910   70493       0 |    2670    1709 |    1069    3555    5465 | 12.98x
sparse_16     |    2458   67163   68089       0 |    2159    1709 |    1065    3332    4989 | 13.65x
geometric     |     238    7620    7536       0 |     500    1645 |     389    1468    2747 |  2.77x
two_sym_eq    |    3082   53329   53363       0 |    2981    1700 |    1066    3563    5501 |  9.70x
two_sym_90/10 |    2586   12380   12428       0 |    2978    1708 |    1065    3574    5292 |  2.35x
flat_M3       |    2300   58867   59116       0 |    2419    1702 |    1070    3586    5538 | 10.67x
flat_M5       |    2172   52103   51750       0 |    1979    1700 |    1063    3593    5251 |  9.92x
flat_M6       |    2176   37233   38533       0 |    1839    1693 |    1061    3515    4691 |  8.21x
flat_M7       |    2039   19026   18906       0 |    1691    1687 |    1062    3574    2805 |  5.32x
html_wiki     |     524    7375    7397       0 |     451    1607 |     388    1445    2265 |  3.27x
prose_pride   |     481    8465    8439       0 |     459    1629 |     388    1450    2537 |  3.34x
image_jpeg    |     760    8684    8654       0 |     472    1667 |       0       0       0 |  5.21x
json_api      |     535    8174    8190       0 |     482    1623 |     388    1465    2329 |  3.52x
source_c      |     515    9012    9037       0 |     432    1637 |     388    1460    2300 |  3.93x
log_apache    |     542    8344    8359       0 |     472    1623 |     388    1458    2375 |  3.52x
dna_fasta     |     564    8997    8948       0 |     542    1661 |     389    1455    2794 |  3.22x
csv_numeric   |     702    5577    5572       0 |     495    1608 |     388    1452    2537 |  2.20x
gzip_random   |   87109   88023   89526       0 |    1619    1682 |       0       0       0 | 53.22x
chinese_text  |     512    7408    7286       0 |     450    1633 |     389    1451    2252 |  3.29x
calgary_pic   |    1913    5770    5773       0 |     636    1734 |     441    1456    2410 |  2.40x

=== Compression sizes (bytes for 4M input) ===
DIST          |  Dmax  Lvs  Ful  Flt  Hal  B2L |  vIN  vLv |  pivco_raw   +hdr_est |    trad_4s    huf0_1s    huf0_x2
--------------|-----------------------------|-----------|----------------------|------------------------------------
proba80       |     5    6    3    0    1    1 |    5    6 |     484753     487601 |     659453     655561     655802
proba50       |    11   12    9    0    1    1 |   11   12 |    1057537    1063457 |    1052014    1048201    1048445
proba14       |    11   48   14    8    1    0 |   -9    8 |    2220081    2220369 |    2210207    2206777    2207023
proba02       |    11  255   17   14    0    3 | -200    7 |    3745119 2305843009217396287 |    3731348    3729433    3729686
bell_s10      |    11  256   10    8    0    1 | -225    4 |    2984714 2305843009216629418 |    3004872    2863870    2864118
bell_s30      |    11  256   14   12    0    1 | -213    4 |    3731184 2305843009217378576 |    3721066    3686052    3686295
bell_s80      |     9  256    3    4    0    0 | -245    0 |    4175454 2305843009217814526 |    4175993          0          0
uniform       |     8  256    0    1    0    0 | -254    0 |    4194816 2305843009217831872 |    4197888          0          0
english       |    10   30    8    3    1    3 |   -2   10 |    2236347    2238779 |    2231128    2227841    2228088
zipfian       |    10  256   12    9    1    3 | -214    8 |    3292424 2305843009216940744 |    3282650    3280325    3280574
sparse_4      |     2    4    0    1    0    0 |   -2    0 |    1049088 2305843009214742592 |    1052160    1048704    1048992
sparse_16     |     4   16    0    1    0    0 |  -14    0 |    2097664 2305843009215788480 |    2100736    2097472    2097760
geometric     |    11  256    8    6    1    0 | -231    4 |    1230187 2305843009214873547 |    1380933    1051741    1051987
two_sym_eq    |     1    2    0    0    1    0 |    1    2 |     525056     525856 |     527872     524384     524672
two_sym_90/10 |     1    2    0    0    1    0 |    1    2 |     252357     253157 |     527872     524384     524672
flat_M3       |     3    8    0    1    0    0 |   -6    0 |    1573376 2305843009215265984 |    1576448    1573056    1573344
flat_M5       |     5   32    0    1    0    0 |  -30    0 |    2621952 2305843009216309184 |    2625024    2622016    2622304
flat_M6       |     6   64    0    1    0    0 |  -62    0 |    3146240 2305843009216826304 |    3149312    3146816    3147104
flat_M7       |     7  128    0    1    0    0 | -126    0 |    3670528 2305843009217336256 |    3673600    3672128    3672416
html_wiki     |    11  197   17    9    0    4 | -145   13 |    2961365 2305843009216626581 |    2957170    2848634    2848874
prose_pride   |    11   96   14    4    1    4 |  -53   16 |    2426919 2305843009216113607 |    2418403    2399048    2399291
image_jpeg    |    10  256    7    6    1    1 | -231    4 |    4151227 2305843009217794587 |    4154985          0          0
json_api      |    11   98   16    9    1    5 |  -44   14 |    2764881 2305843009216453009 |    2751266    2740154    2740398
source_c      |    11   97   17   10    1    4 |  -42   13 |    2632737 2305843009216321025 |    2618879    2610366    2610609
log_apache    |    11   85   17    9    0    4 |  -33   13 |    2918802 2305843009216609106 |    2905349    2898723    2898970
dna_fasta     |    10   38    8    4    1    0 |  -15    6 |    1103411 2305843009214795731 |    1191563    1182529    1182775
csv_numeric   |    11   54   13    5    1    4 |  -12   14 |    1681359    1682703 |    1759009    1729321    1729566
gzip_random   |     8  256    0    1    0    0 | -254    0 |    4194816 2305843009217831872 |    4197888          0          0
chinese_text  |    11  151   14    7    1    2 | -109   11 |    3137169 2305843009216809873 |    3138048    3058779    3059024
calgary_pic   |    11  159    9    4    1    4 | -126   11 |     591079 2305843009214259975 |     887046     871158     871400
  Dmax=max Huffman code length; Lvs=# leaves; Ful/Flt/Hal/B2L=internal-node-type counts
  vIN/vLv = flat-aware VISIBLE internals/leaves (excludes nodes buried inside flat subtrees)
  +hdr_est = pivco_raw + (vIN*7 + vLv*9) * NBLOCKS/8 bits per-block table-encoding overhead
  Lower = better.  Original size = 4194304 bytes (4MB).

  5 runs of 80M symbols each (20x 4M), drop 2 slowest, warn if spread > 5%
  PIVCO/trad decode in 16384-symbol blocks
  huf0 uses 128KB chunks (its max block size)
  CPU freq drift: +115.4% (OK)
  Total wall time: 83.8 seconds
