=== PIVCO-Huffman Benchmarks (PIVCO_MAX_CODE_LEN=11) ===
Sequence: 4M, Repeats: 20 (80M/run), Block: 16384, Runs: 5 (drop 2)
Distribution set: ALL (29 distributions)

DECODE M/s    | pivco_s pivco_n pivco_bu | trad_1s trad_4s | huf0_1s huf0_x1 huf0_x2 |   ratio
--------------|-------------------------|-----------------|----------------------------|--------
proba80       |     724    7576    7572       0 |     568    1736 |     392    1497    2863 |  2.65x
proba50       |     222   19859   19827       0 |     529    1636 |     391    1490    2839 |  7.00x
proba14       |     444   10029    9997       0 |     470    1662 |     391    1496    2738 |  3.66x
proba02       |     594    8827    8997       0 |     450    1654 |     390    1478    1635 |  5.44x
bell_s10      |     809    8664    8617       0 |     451    1658 |     388    1492    2528 |  3.43x
bell_s30      |     571    8592    8633       0 |     451    1632 |     391    1482    1545 |  5.29x
bell_s80      |     838   11149   11007       0 |     480    1711 |       0       0       0 |  6.52x
uniform       |   88675   90297   90394       0 |    1630    1690 |       0       0       0 | 53.50x
english       |     748   12457   12420       0 |     475    1694 |     390    1492    2706 |  4.60x
zipfian       |     447    8445    8400       0 |     428    1694 |     390    1489    1966 |  4.30x
sparse_4      |    2423   70910   70022       0 |    2681    1729 |    1199    3601    5377 | 13.19x
sparse_16     |    2429   73391   71820       0 |    2157    1729 |    1202    3368    4984 | 14.73x
geometric     |     239    8034    8010       0 |     500    1667 |     391    1488    2787 |  2.88x
two_sym_eq    |    3114   54971   54863       0 |    2957    1737 |     872    3591    5423 | 10.14x
two_sym_90/10 |    2621   12354   12353       0 |    2981    1741 |     873    3554    5196 |  2.38x
flat_M3       |    2316   58539   57932       0 |    2434    1733 |     872    3621    5465 | 10.71x
flat_M5       |    2199   50352   50291       0 |    1980    1722 |     863    3615    5322 |  9.46x
flat_M6       |    2164   36600   36905       0 |    1845    1718 |    1159    3530    4708 |  7.84x
flat_M7       |    2024   18741   19022       0 |    1719    1723 |     871    3591    2783 |  5.30x
html_wiki     |     529    7666    7676       0 |     454    1656 |     388    1486    2301 |  3.34x
prose_pride   |     486    8655    8638       0 |     461    1655 |     389    1489    2578 |  3.36x
image_jpeg    |     764    9050    9035       0 |     475    1666 |       0       0       0 |  5.43x
json_api      |     534    8362    8364       0 |     479    1663 |     389    1480    2375 |  3.52x
source_c      |     514    9418    9398       0 |     437    1631 |     389    1479    2345 |  4.02x
log_apache    |     546    8587    8576       0 |     474    1657 |     389    1489    2394 |  3.59x
dna_fasta     |     580    8429    8363       0 |     542    1699 |     390    1495    2845 |  2.96x
csv_numeric   |     700    5927    5917       0 |     492    1661 |     390    1481    2549 |  2.33x
gzip_random   |   85424   88581   87931       0 |    1638    1722 |       0       0       0 | 51.45x
chinese_text  |     509    7849    7841       0 |     459    1647 |     391    1473    2244 |  3.50x
calgary_pic   |    1972    5934    5925       0 |     642    1734 |     437    1480    2402 |  2.47x

=== Compression sizes (bytes for 4M input) ===
DIST          |  Dmax  Lvs  Ful  Flt  Hal  B2L |  vIN  vLv |  pivco_raw   +hdr_est |    trad_4s    huf0_1s    huf0_x2
--------------|-----------------------------|-----------|----------------------|------------------------------------
proba80       |     5    6    0    0    4    1 |    5    6 |     484753     487601 |     659453     655561     655802
proba50       |    11   12    0    0   10    1 |   11   12 |    1057537    1063457 |    1052014    1048201    1048445
proba14       |    11   48    8    8    6    1 |   -9    8 |    2220081    2220369 |    2210207    2206777    2207023
proba02       |    11  255   16   14    1    3 | -200    7 |    3745119 2305843009217396287 |    3731348    3729433    3729686
bell_s10      |    11  256    8    8    2    1 | -225    4 |    2984714 2305843009216629418 |    3004872    2863870    2864118
bell_s30      |    11  256   12   12    2    1 | -213    4 |    3731184 2305843009217378576 |    3721066    3686052    3686295
bell_s80      |     9  256    3    4    0    0 | -245    0 |    4175454 2305843009217814526 |    4175993          0          0
uniform       |     8  256    0    1    0    0 | -254    0 |    4194816 2305843009217831872 |    4197888          0          0
english       |    10   30    6    3    2    4 |   -2   10 |    2236347    2238779 |    2231128    2227841    2228088
zipfian       |    10  256   11    9    2    3 | -214    8 |    3292424 2305843009216940744 |    3282650    3280325    3280574
sparse_4      |     2    4    0    1    0    0 |   -2    0 |    1049088 2305843009214742592 |    1052160    1048704    1048992
sparse_16     |     4   16    0    1    0    0 |  -14    0 |    2097664 2305843009215788480 |    2100736    2097472    2097760
geometric     |    11  256    5    6    4    0 | -231    4 |    1230187 2305843009214873547 |    1380933    1051741    1051987
two_sym_eq    |     1    2    0    0    0    1 |    1    2 |     525056     525856 |     527872     524384     524672
two_sym_90/10 |     1    2    0    0    0    1 |    1    2 |     252357     253157 |     527872     524384     524672
flat_M3       |     3    8    0    1    0    0 |   -6    0 |    1573376 2305843009215265984 |    1576448    1573056    1573344
flat_M5       |     5   32    0    1    0    0 |  -30    0 |    2621952 2305843009216309184 |    2625024    2622016    2622304
flat_M6       |     6   64    0    1    0    0 |  -62    0 |    3146240 2305843009216826304 |    3149312    3146816    3147104
flat_M7       |     7  128    0    1    0    0 | -126    0 |    3670528 2305843009217336256 |    3673600    3672128    3672416
html_wiki     |    11  197   12    9    5    4 | -145   13 |    2961365 2305843009216626581 |    2957170    2848634    2848874
prose_pride   |    11   96    8    4    6    5 |  -53   16 |    2426919 2305843009216113607 |    2418403    2399048    2399291
image_jpeg    |    10  256    6    6    2    1 | -231    4 |    4151227 2305843009217794587 |    4154985          0          0
json_api      |    11   98   13    9    4    5 |  -44   14 |    2764881 2305843009216453009 |    2751266    2740154    2740398
source_c      |    11   97   13   10    5    4 |  -42   13 |    2632737 2305843009216321025 |    2618879    2610366    2610609
log_apache    |    11   85   12    9    5    4 |  -33   13 |    2918802 2305843009216609106 |    2905349    2898723    2898970
dna_fasta     |    10   38    4    4    4    1 |  -15    6 |    1103411 2305843009214795731 |    1191563    1182529    1182775
csv_numeric   |    11   54    9    5    4    5 |  -12   14 |    1681359    1682703 |    1759009    1729321    1729566
gzip_random   |     8  256    0    1    0    0 | -254    0 |    4194816 2305843009217831872 |    4197888          0          0
chinese_text  |    11  151    9    7    5    3 | -109   11 |    3137169 2305843009216809873 |    3138048    3058779    3059024
calgary_pic   |    11  159    7    4    3    4 | -126   11 |     591079 2305843009214259975 |     887046     871158     871400
  Dmax=max Huffman code length; Lvs=# leaves; Ful/Flt/Hal/B2L=internal-node-type counts
  vIN/vLv = flat-aware VISIBLE internals/leaves (excludes nodes buried inside flat subtrees)
  +hdr_est = pivco_raw + (vIN*7 + vLv*9) * NBLOCKS/8 bits per-block table-encoding overhead
  Lower = better.  Original size = 4194304 bytes (4MB).

  5 runs of 80M symbols each (20x 4M), drop 2 slowest, warn if spread > 5%
  PIVCO/trad decode in 16384-symbol blocks
  huf0 uses 128KB chunks (its max block size)
  CPU freq drift: +94.8% (OK)
  Total wall time: 83.6 seconds
