===== h2h-silesia-base =====
per-block windows, fse=0, reps=8  (enc/dec MB/s, ratio=orig/comp)
               wins | huf0  enc  dec ratio | pvSMPL enc  dec ratio | pvBAL enc dec ratio
dickens.lits     78 |  1330  1205  1.52 |  1446  7314  1.46 |  1005 11443  1.47
mozilla.lits   1481 |  1094  1579  1.09 |  1313  5543  1.07 |   948  7668  1.08
mr.lits          77 |  1101  1378  1.20 |  1479  8353  1.18 |  1178  8345  1.18
nci.lits        256 |   946   979  1.84 |  1175  6631  1.67 |   619  8538  1.68
ooffice.lits    102 |  1381  1407  1.13 |  1670  7659  1.12 |  1520 10585  1.12
osdb.lits        77 |  1487  1406  1.14 |  1936  8425  1.13 |  1585  8473  1.13
reymont.lits     51 |  1128  1164  1.37 |  1386  6321  1.31 |   729 10525  1.32
samba.lits      385 |  1105  2164  1.12 |  1437  7377  1.09 |   950 17872  1.09
sao.lits        306 |  1054  1344  1.04 |  1782  8245  1.03 |  1367  9130  1.02
webster.lits    317 |  1269  1224  1.49 |  1336  6865  1.44 |   989 10394  1.45
x-ray.lits       66 |  1428  1562  1.18 |  1309  9024  1.18 |  1274 10517  1.17
xml.lits         47 |  1033  1177  1.52 |  1302  6637  1.44 |   708  8733  1.44
== geomean          |  1185  1356  1.28 |  1450  7300  1.25 |  1029  9930  1.25

===== h2h-silesia-v4 =====
per-block windows, fse=0, reps=8  (enc/dec MB/s, ratio=orig/comp)
               wins | huf0  enc  dec ratio | pvSMPL enc  dec ratio | pvBAL enc dec ratio
dickens.lits     78 |  1332  1206  1.52 |  1359  6768  1.50 |   962 10361  1.50
mozilla.lits   1481 |  1092  1583  1.09 |  1203  6181  1.09 |   891  6936  1.08
mr.lits          77 |  1114  1378  1.20 |  1445  8132  1.19 |  1153  7996  1.19
nci.lits        256 |   947   978  1.84 |  1070  5675  1.81 |   586  7101  1.82
ooffice.lits    102 |  1368  1406  1.13 |  1619  7062  1.13 |  1402  9644  1.12
osdb.lits        77 |  1454  1405  1.14 |  1861  8007  1.13 |  1527  7976  1.13
reymont.lits     51 |  1132  1165  1.37 |  1293  5832  1.36 |   711  8907  1.36
samba.lits      385 |  1102  2155  1.12 |  1285 12581  1.12 |   902 16524  1.12
sao.lits        306 |  1053  1340  1.04 |  1649  7485  1.03 |  1287  8345  1.02
webster.lits    317 |  1239  1225  1.49 |  1273  6368  1.48 |   935  9503  1.48
x-ray.lits       66 |  1456  1560  1.18 |  1305  8666  1.18 |  1278 10034  1.17
xml.lits         47 |  1028  1173  1.52 |  1196  5927  1.51 |   675  7479  1.51
== geomean          |  1182  1355  1.28 |  1364  7206  1.27 |   984  8980  1.27

===== h2h-prague-base =====
per-block windows, fse=0, reps=8  (enc/dec MB/s, ratio=orig/comp)
               wins | huf0  enc  dec ratio | pvSMPL enc  dec ratio | pvBAL enc dec ratio
abbot.lits       12 |  6739 81890  1.00 |  2370 14119  0.99 |  2167 72869  0.99
age.lits          2 |  1306  1386  1.05 |  1746  8636  1.04 |  1425 11089  1.03
bovary.lits      17 |  1379  1340  1.20 |  1647  8077  1.19 |  1385 16568  1.18
collapse.lits      1 |   436   728  1.41 |   629  2558  1.14 |   185  2554  1.14
compress.lits      1 |  1372  1311  1.37 |  1556  9834  1.35 |  1320 14556  1.34
corilis.lits     69 |   949  1256  1.05 |  1504  7190  1.04 |  1121 10962  1.04
cyprus.lits       5 |   561   745  1.61 |   970  4994  1.40 |   412  6591  1.41
drkonqi.lits      1 |  1454  1429  1.11 |  1544  7501  1.10 |  1429 10150  1.09
emission.lits     21 |   717  1168  1.05 |  1397  6943  1.03 |   861  8218  1.03
firewrks.lits    104 |  1030  1422  1.05 |  1705  8338  1.04 |  1320 11401  1.04
flower.lits      84 |  1567  1456  1.11 |  1639  8605  1.10 |  1600 10521  1.10
gtkprint.lits      1 |  1004  1250  1.13 |  1085  6375  1.11 |   780  6191  1.11
handler.lits      1 |   733   997  1.37 |   998  4332  1.24 |   484  7233  1.27
higrowth.lits      1 |  1545  1450  1.09 |  1653  8990  1.08 |  1423  9009  1.08
hungary.lits     29 |   248   377  1.60 |   570  2763  1.23 |   188  3104  1.25
libc06.lits       1 |  1232  1330  1.20 |  1313  8252  1.19 |  1105 11672  1.19
lusiadas.lits      6 |  1144  1631  1.43 |  1216  9444  1.41 |  1073 10936  1.41
lzfindmt.lits      1 |   882  1046  1.35 |  1038  5604  1.27 |   538  5896  1.27
mailflder.lits      1 |  1026  1051  1.45 |  1267  6429  1.40 |   881 11556  1.41
mirror.lits       1 |  1547  1434  1.12 |  1670  7628  1.11 |  1518 11298  1.10
modern.lits       3 |  1468  1790  1.55 |  1722  9020  1.53 |  1445 12590  1.53
nightsht.lits    824 |  1057  1362  1.08 |  1407  7234  1.07 |  1236 10793  1.07
render.lits       1 |   801  1056  1.34 |  1038  4646  1.23 |   523  9230  1.25
thunder.lits     77 |  1215  1684  1.24 |  1349  9268  1.23 |  1242 10738  1.23
ultima.lits      55 |  3351  7623  1.02 |  1843  8967  1.00 |  1402 31419  1.01
usstate.lits      1 |   603   915  1.38 |   915  4109  1.22 |   423  7032  1.25
venus.lits      151 |  1672  1489  1.10 |  1988  9481  1.09 |  1966 12192  1.10
w01vett.lits     11 |   839   955  1.54 |  1060  5018  1.40 |   451  6929  1.42
wnvcrdt.lits      3 |   745   914  1.49 |  1032  5036  1.36 |   437  5993  1.37
xmlevent.lits      1 |   598   911  1.35 |   874  3937  1.20 |   374  4020  1.20
== geomean          |  1067  1423  1.25 |  1294  6647  1.18 |   860  9571  1.19

===== h2h-prague-v4 =====
per-block windows, fse=0, reps=8  (enc/dec MB/s, ratio=orig/comp)
               wins | huf0  enc  dec ratio | pvSMPL enc  dec ratio | pvBAL enc dec ratio
abbot.lits       12 |  6792 85134  1.00 |  2358 83481  1.00 |  2181 84299  1.00
age.lits          2 |  1300  1385  1.05 |  1682  8118  1.04 |  1391 10090  1.03
bovary.lits      17 |  1380  1337  1.20 |  1584  7643  1.20 |  1335 15000  1.19
collapse.lits      1 |   437   726  1.41 |   546  2228  1.34 |   175  2163  1.34
compress.lits      1 |  1369  1311  1.37 |  1500  8641  1.36 |  1262 13041  1.34
corilis.lits     69 |   947  1256  1.05 |  1415  6731  1.04 |  1078  9784  1.04
cyprus.lits       5 |   563   743  1.61 |   852  4268  1.59 |   387  5344  1.59
drkonqi.lits      1 |  1476  1430  1.11 |  1534  7205  1.10 |  1444 10212  1.09
emission.lits     21 |   715  1165  1.05 |  1281  6024  1.03 |   805  7112  1.03
firewrks.lits    104 |  1009  1419  1.05 |  1600  8302  1.04 |  1302 10947  1.04
flower.lits      84 |  1598  1455  1.11 |  1678  8568  1.10 |  1573 10158  1.10
gtkprint.lits      1 |   999  1249  1.13 |  1035  5797  1.12 |   754  5626  1.12
handler.lits      1 |   736   995  1.37 |   865  3502  1.34 |   441  5635  1.35
higrowth.lits      1 |  1519  1448  1.09 |  1648  8961  1.08 |  1449  8932  1.08
hungary.lits     29 |   249   377  1.60 |   478  2128  1.55 |   176  2357  1.56
libc06.lits       1 |  1232  1325  1.20 |  1289  7851  1.20 |  1084 11481  1.20
lusiadas.lits      6 |  1145  1620  1.43 |  1197  8887  1.42 |  1059 10259  1.42
lzfindmt.lits      1 |   881  1046  1.35 |   943  4947  1.33 |   502  4753  1.33
mailflder.lits      1 |  1013  1051  1.45 |  1197  6006  1.44 |   844 10182  1.44
mirror.lits       1 |  1506  1433  1.12 |  1629  7472  1.11 |  1489 10875  1.10
modern.lits       3 |  1537  1762  1.55 |  1726  8765  1.54 |  1438 12065  1.54
nightsht.lits    824 |  1057  1356  1.08 |  1337  6321  1.08 |  1179  9673  1.08
render.lits       1 |   801  1055  1.34 |   940  4115  1.31 |   498  7264  1.32
thunder.lits     77 |  1205  1683  1.24 |  1339  9276  1.24 |  1231 10287  1.23
ultima.lits      55 |  3346  7583  1.02 |  1752 28019  1.02 |  1369 31076  1.02
usstate.lits      1 |   605   919  1.38 |   799  3467  1.34 |   395  5441  1.35
venus.lits      151 |  1718  1488  1.10 |  1998  9331  1.10 |  1956 12043  1.10
w01vett.lits     11 |   840   958  1.54 |   961  4326  1.51 |   423  5813  1.52
wnvcrdt.lits      3 |   743   912  1.49 |   933  4318  1.47 |   417  5088  1.47
xmlevent.lits      1 |   598   909  1.35 |   765  3512  1.32 |   350  3251  1.32
== geomean          |  1067  1422  1.25 |  1217  6721  1.23 |   830  8597  1.23

===== h2h-silesia-v43 =====
per-block windows, fse=0, reps=8  (enc/dec MB/s, ratio=orig/comp)
               wins | huf0  enc  dec ratio | pvSMPL enc  dec ratio | pvBAL enc dec ratio
dickens.lits     78 |  1330  1206  1.52 |  1295  6578  1.50 |   926 10040  1.50
mozilla.lits   1481 |  1092  1574  1.09 |  1070  4916  1.09 |   824  5727  1.09
mr.lits          77 |  1100  1379  1.20 |  1416  7648  1.19 |  1133  7669  1.19
nci.lits        256 |   944   976  1.84 |  1071  5617  1.81 |   586  6805  1.82
ooffice.lits    102 |  1320  1407  1.13 |  1466  6631  1.13 |  1384  9262  1.12
osdb.lits        77 |  1459  1405  1.14 |  1856  8025  1.13 |  1526  8007  1.13
reymont.lits     51 |  1122  1167  1.37 |  1211  5950  1.36 |   685  8610  1.36
samba.lits      385 |  1093  2153  1.12 |  1143  9078  1.12 |   855 15675  1.12
sao.lits        306 |  1025  1336  1.04 |  1423  6392  1.03 |  1196  7485  1.03
webster.lits    317 |  1223  1224  1.49 |  1151  6303  1.48 |   888  9359  1.48
x-ray.lits       66 |  1451  1562  1.18 |  1304  8797  1.18 |  1267 10200  1.17
xml.lits         47 |  1032  1176  1.52 |  1140  5787  1.51 |   657  7606  1.51
== geomean          |  1171  1354  1.28 |  1280  6701  1.28 |   952  8598  1.27

===== h2h-prague-v43 =====
per-block windows, fse=0, reps=8  (enc/dec MB/s, ratio=orig/comp)
               wins | huf0  enc  dec ratio | pvSMPL enc  dec ratio | pvBAL enc dec ratio
abbot.lits       12 |  6569 81118  1.00 |  2254 82678  1.00 |  2098 82678  1.00
age.lits          2 |  1291  1386  1.05 |  1598  7468  1.04 |  1322  9327  1.03
bovary.lits      17 |  1370  1340  1.20 |  1526  7454  1.20 |  1297 14558  1.19
collapse.lits      1 |   434   727  1.41 |   487  2200  1.34 |   168  2031  1.34
compress.lits      1 |  1350  1313  1.37 |  1430  8340  1.36 |  1203 12461  1.34
corilis.lits     69 |   932  1255  1.05 |  1329  5573  1.04 |   999  7750  1.04
cyprus.lits       5 |   562   745  1.61 |   815  4307  1.59 |   380  5293  1.59
drkonqi.lits      1 |  1461  1429  1.11 |  1497  6683  1.10 |  1385  8854  1.09
emission.lits     21 |   714  1166  1.05 |  1172  5078  1.04 |   770  5850  1.04
firewrks.lits    104 |  1008  1422  1.05 |  1481  7235  1.04 |  1201  9930  1.04
flower.lits      84 |  1590  1456  1.11 |  1643  8488  1.10 |  1547 10077  1.10
gtkprint.lits      1 |   980  1249  1.13 |   965  4567  1.12 |   716  4508  1.12
handler.lits      1 |   737  1003  1.37 |   771  3492  1.34 |   414  5502  1.35
higrowth.lits      1 |  1510  1449  1.09 |  1626  8683  1.09 |  1423  8639  1.09
hungary.lits     29 |   248   376  1.60 |   450  2144  1.55 |   172  2294  1.56
libc06.lits       1 |  1229  1328  1.20 |  1272  7664  1.20 |  1083 11087  1.20
lusiadas.lits      6 |  1141  1631  1.43 |  1176  8677  1.42 |  1043 10039  1.42
lzfindmt.lits      1 |   880  1048  1.35 |   867  4973  1.33 |   485  5125  1.33
mailflder.lits      1 |  1001  1051  1.45 |  1147  5921  1.44 |   817 10096  1.44
mirror.lits       1 |  1537  1437  1.12 |  1567  6976  1.12 |  1439  9563  1.10
modern.lits       3 |  1483  1785  1.55 |  1661  8729  1.54 |  1386 11811  1.54
nightsht.lits    824 |  1049  1356  1.08 |  1277  5905  1.08 |  1139  9230  1.08
render.lits       1 |   799  1060  1.34 |   830  3995  1.31 |   470  7202  1.32
thunder.lits     77 |  1198  1684  1.24 |  1321  8853  1.24 |  1221 10027  1.23
ultima.lits      55 |  3325  7583  1.02 |  1715 26055  1.02 |  1319 30197  1.02
usstate.lits      1 |   597   906  1.38 |   689  3392  1.34 |   372  5448  1.35
venus.lits      151 |  1692  1488  1.10 |  1909  9072  1.10 |  1891 11600  1.10
w01vett.lits     11 |   840   946  1.54 |   944  4304  1.51 |   426  5813  1.52
wnvcrdt.lits      3 |   734   912  1.49 |   873  4370  1.47 |   409  5030  1.47
xmlevent.lits      1 |   592   918  1.35 |   670  3384  1.32 |   327  3410  1.32
== geomean          |  1059  1421  1.25 |  1149  6408  1.23 |   800  8184  1.23

